0.00	162200	162200	100.00%	1.70	5.50	4.05	5.55	0.50	3.50	4.20
0.05	162200	162200	100.00%	1.70	5.50	4.05	5.55	0.50	3.50	4.20
0.10	162200	162200	100.00%	1.70	5.50	4.05	5.55	0.50	3.50	4.20
0.15	162200	162200	100.00%	1.70	5.50	4.05	5.55	0.50	3.50	4.20
0.20	162200	162200	100.00%	1.70	5.50	4.05	5.55	0.50	3.50	4.20
0.25	162200	162200	100.00%	1.70	5.50	4.05	5.55	0.50	3.50	4.20
0.30	162200	162200	100.00%	1.70	5.50	4.05	5.55	0.50	3.50	4.20
0.35	162200	162200	100.00%	1.70	5.50	4.05	5.55	0.50	3.50	4.20
0.40	162200	162200	100.00%	1.70	5.50	4.05	5.55	0.50	3.50	4.20
0.45	162200	162200	100.00%	1.70	5.50	4.05	5.55	0.50	3.50	4.20
0.50	162200	162200	100.00%	1.70	5.50	4.05	5.55	0.50	3.50	4.20
0.55	162200	162200	100.00%	1.70	5.50	4.05	5.55	0.50	3.50	4.20
0.60	162200	162200	100.00%	1.70	5.50	4.05	5.55	0.50	3.50	4.20
0.65	162200	162200	100.00%	1.70	5.50	4.05	5.55	0.50	3.50	4.20
0.70	162200	162200	100.00%	1.70	5.50	4.05	5.55	0.50	3.50	4.20
0.75	162200	162200	100.00%	1.70	5.50	4.05	5.55	0.50	3.50	4.20
0.80	162200	162200	100.00%	1.70	5.50	4.05	5.55	0.50	3.50	4.20
0.85	162200	162200	100.00%	1.70	5.50	4.05	5.55	0.50	3.50	4.20
0.90	162200	162200	100.00%	1.70	5.50	4.05	5.55	0.50	3.50	4.20
0.95	162200	162200	100.00%	1.70	5.50	4.05	5.55	0.50	3.50	4.20
1.00	162200	162200	100.00%	1.70	5.50	4.05	5.55	0.50	3.50	4.20
1.05	162200	162200	100.00%	1.70	5.50	4.05	5.55	0.50	3.50	4.20
1.10	162200	162200	100.00%	1.70	5.50	4.05	5.55	0.50	3.50	4.20
1.15	162200	162200	100.00%	1.70	5.50	4.05	5.55	0.50	3.50	4.20
1.20	162200	162200	100.00%	1.70	5.50	4.05	5.55	0.50	3.50	4.20
1.25	162200	162200	100.00%	1.70	5.50	4.05	5.55	0.50	3.50	4.20
1.30	162200	162200	100.00%	1.70	5.50	4.05	5.55	0.50	3.50	4.20
1.35	162200	162200	100.00%	1.70	5.50	4.05	5.55	0.50	3.50	4.20
1.40	162200	162200	100.00%	1.70	5.50	4.05	5.55	0.50	3.50	4.20
1.45	162200	162200	100.00%	1.70	5.50	4.05	5.55	0.50	3.50	4.20
1.50	162200	162200	100.00%	1.70	5.50	4.05	5.55	0.50	3.50	4.20
1.55	162200	162200	100.00%	1.70	5.50	4.05	5.55	0.50	3.50	4.20
1.60	162200	162200	100.00%	1.70	5.50	4.05	5.55	0.50	3.50	4.20
1.65	162200	162200	100.00%	1.70	5.50	4.05	5.55	0.50	3.50	4.20
1.70	162200	162200	100.00%	1.70	5.50	4.05	5.55	0.50	3.50	4.20
1.75	162199	162200	100.00%	5.50	5.80	4.05	5.55	2.90	4.95	4.20
1.80	162199	162200	100.00%	5.50	5.80	4.05	5.55	2.90	4.95	4.20
1.85	162199	162200	100.00%	5.50	5.80	4.05	5.55	2.90	4.95	4.20
1.90	162199	162200	100.00%	5.50	5.80	4.05	5.55	2.90	4.95	4.20
1.95	162199	162200	100.00%	5.50	5.80	4.05	5.55	2.90	4.95	4.20
2.00	162199	162200	100.00%	5.50	5.80	4.05	5.55	2.90	4.95	4.20
2.05	162199	162200	100.00%	5.50	5.80	4.05	5.55	2.90	4.95	4.20
2.10	162199	162200	100.00%	5.50	5.80	4.05	5.55	2.90	4.95	4.20
2.15	162199	162200	100.00%	5.50	5.80	4.05	5.55	2.90	4.95	4.20
2.20	162199	162200	100.00%	5.50	5.80	4.05	5.55	2.90	4.95	4.20
2.25	162199	162200	100.00%	5.50	5.80	4.05	5.55	2.90	4.95	4.20
2.30	162199	162200	100.00%	5.50	5.80	4.05	5.55	2.90	4.95	4.20
2.35	162199	162200	100.00%	5.50	5.80	4.05	5.55	2.90	4.95	4.20
2.40	162199	162200	100.00%	5.50	5.80	4.05	5.55	2.90	4.95	4.20
2.45	162199	162200	100.00%	5.50	5.80	4.05	5.55	2.90	4.95	4.20
2.50	162199	162200	100.00%	5.50	5.80	4.05	5.55	2.90	4.95	4.20
2.55	162199	162200	100.00%	5.50	5.80	4.05	5.55	2.90	4.95	4.20
2.60	162199	162200	100.00%	5.50	5.80	4.05	5.55	2.90	4.95	4.20
2.65	162199	162200	100.00%	5.50	5.80	4.05	5.55	2.90	4.95	4.20
2.70	162199	162200	100.00%	5.50	5.80	4.05	5.55	2.90	4.95	4.20
2.75	162199	162200	100.00%	5.50	5.80	4.05	5.55	2.90	4.95	4.20
2.80	162199	162200	100.00%	5.50	5.80	4.05	5.55	2.90	4.95	4.20
2.85	162199	162200	100.00%	5.50	5.80	4.05	5.55	2.90	4.95	4.20
2.90	162199	162200	100.00%	5.50	5.80	4.05	5.55	2.90	4.95	4.20
2.95	162199	162200	100.00%	5.50	5.80	4.05	5.55	2.90	4.95	4.20
3.00	162199	162200	100.00%	5.50	5.80	4.05	5.55	2.90	4.95	4.20
3.05	162199	162200	100.00%	5.50	5.80	4.05	5.55	2.90	4.95	4.20
3.10	162199	162200	100.00%	5.50	5.80	4.05	5.55	2.90	4.95	4.20
3.15	162199	162200	100.00%	5.50	5.80	4.05	5.55	2.90	4.95	4.20
3.20	162199	162200	100.00%	5.50	5.80	4.05	5.55	2.90	4.95	4.20
3.25	162199	162200	100.00%	5.50	5.80	4.05	5.55	2.90	4.95	4.20
3.30	162199	162200	100.00%	5.50	5.80	4.05	5.55	2.90	4.95	4.20
3.35	162199	162200	100.00%	5.50	5.80	4.05	5.55	2.90	4.95	4.20
3.40	162199	162200	100.00%	5.50	5.80	4.05	5.55	2.90	4.95	4.20
3.45	162199	162200	100.00%	5.50	5.80	4.05	5.55	2.90	4.95	4.20
3.50	162199	162200	100.00%	5.50	5.80	4.05	5.55	2.90	4.95	4.20
3.55	162199	162200	100.00%	5.50	5.80	4.05	5.55	2.90	4.95	4.20
3.60	162199	162200	100.00%	5.50	5.80	4.05	5.55	2.90	4.95	4.20
3.65	162199	162200	100.00%	5.50	5.80	4.05	5.55	2.90	4.95	4.20
3.70	162199	162200	100.00%	5.50	5.80	4.05	5.55	2.90	4.95	4.20
3.75	162199	162200	100.00%	5.50	5.80	4.05	5.55	2.90	4.95	4.20
3.80	162199	162200	100.00%	5.50	5.80	4.05	5.55	2.90	4.95	4.20
3.85	162199	162200	100.00%	5.50	5.80	4.05	5.55	2.90	4.95	4.20
3.90	162199	162200	100.00%	5.50	5.80	4.05	5.55	2.90	4.95	4.20
3.95	162199	162200	100.00%	5.50	5.80	4.05	5.55	2.90	4.95	4.20
4.00	162199	162200	100.00%	5.50	5.80	4.05	5.55	2.90	4.95	4.20
4.05	162199	162200	100.00%	5.50	5.80	4.05	5.55	2.90	4.95	4.20
4.10	162199	162200	100.00%	5.50	5.80	4.05	5.55	2.90	4.95	4.20
4.15	162199	162200	100.00%	5.50	5.80	4.05	5.55	2.90	4.95	4.20
4.20	162199	162200	100.00%	5.50	5.80	4.05	5.55	2.90	4.95	4.20
4.25	162199	162200	100.00%	5.50	5.80	4.05	5.55	2.90	4.95	4.20
4.30	162199	162200	100.00%	5.50	5.80	4.05	5.55	2.90	4.95	4.20
4.35	162199	162200	100.00%	5.50	5.80	4.05	5.55	2.90	4.95	4.20
4.40	162199	162200	100.00%	5.50	5.80	4.05	5.55	2.90	4.95	4.20
4.45	162199	162200	100.00%	5.50	5.80	4.05	5.55	2.90	4.95	4.20
4.50	162199	162200	100.00%	5.50	5.80	4.05	5.55	2.90	4.95	4.20
4.55	162199	162200	100.00%	5.50	5.80	4.05	5.55	2.90	4.95	4.20
4.60	162199	162200	100.00%	5.50	5.80	4.05	5.55	2.90	4.95	4.20
4.65	162199	162200	100.00%	5.50	5.80	4.05	5.55	2.90	4.95	4.20
4.70	162199	162200	100.00%	5.50	5.80	4.05	5.55	2.90	4.95	4.20
4.75	162199	162200	100.00%	5.50	5.80	4.05	5.55	2.90	4.95	4.20
4.80	162199	162200	100.00%	5.50	5.80	4.05	5.55	2.90	4.95	4.20
4.85	162199	162200	100.00%	5.50	5.80	4.05	5.55	2.90	4.95	4.20
4.90	162199	162200	100.00%	5.50	5.80	4.05	5.55	2.90	4.95	4.20
4.95	162199	162200	100.00%	5.50	5.80	4.05	5.55	2.90	4.95	4.20
5.00	162199	162200	100.00%	5.50	5.80	4.05	5.55	2.90	4.95	4.20
5.05	162199	162200	100.00%	5.50	5.80	4.05	5.55	2.90	4.95	4.20
5.10	162199	162200	100.00%	5.50	5.80	4.05	5.55	2.90	4.95	4.20
5.15	162199	162200	100.00%	5.50	5.80	4.05	5.55	2.90	4.95	4.20
5.20	162199	162200	100.00%	5.50	5.80	4.05	5.55	2.90	4.95	4.20
5.25	162199	162200	100.00%	5.50	5.80	4.05	5.55	2.90	4.95	4.20
5.30	162199	162200	100.00%	5.50	5.80	4.05	5.55	2.90	4.95	4.20
5.35	162199	162200	100.00%	5.50	5.80	4.05	5.55	2.90	4.95	4.20
5.40	162199	162200	100.00%	5.50	5.80	4.05	5.55	2.90	4.95	4.20
5.45	162199	162200	100.00%	5.50	5.80	4.05	5.55	2.90	4.95	4.20
5.50	162199	162200	100.00%	5.50	5.80	4.05	5.55	2.90	4.95	4.20
5.55	162198	162200	100.00%	6.10	6.30	5.50	5.55	3.95	5.60	4.20
5.60	162198	162200	100.00%	6.10	6.30	5.50	5.55	3.95	5.60	4.20
5.65	162198	162200	100.00%	6.10	6.30	5.50	5.55	3.95	5.60	4.20
5.70	162198	162200	100.00%	6.10	6.30	5.50	5.55	3.95	5.60	4.20
5.75	162198	162200	100.00%	6.10	6.30	5.50	5.55	3.95	5.60	4.20
5.80	162198	162200	100.00%	6.10	6.30	5.50	5.55	3.95	5.60	4.20
5.85	162198	162200	100.00%	6.10	6.30	5.50	5.55	3.95	5.60	4.20
5.90	162198	162200	100.00%	6.10	6.30	5.50	5.55	3.95	5.60	4.20
5.95	162198	162200	100.00%	6.10	6.30	5.50	5.55	3.95	5.60	4.20
6.00	162198	162200	100.00%	6.10	6.30	5.50	5.55	3.95	5.60	4.20
6.05	162198	162200	100.00%	6.10	6.30	5.50	5.55	3.95	5.60	4.20
6.10	162198	162200	100.00%	6.10	6.30	5.50	5.55	3.95	5.60	4.20
6.15	162197	162200	100.00%	6.15	6.35	5.50	5.55	4.35	5.75	4.20
6.20	162195	162200	100.00%	6.45	6.50	5.50	5.55	4.95	6.50	5.15
6.25	162195	162200	100.00%	6.45	6.50	5.50	5.55	4.95	6.50	5.15
6.30	162195	162200	100.00%	6.45	6.50	5.50	5.55	4.95	6.50	5.15
6.35	162195	162200	100.00%	6.45	6.50	5.50	5.55	4.95	6.50	5.15
6.40	162195	162200	100.00%	6.45	6.50	5.50	5.55	4.95	6.50	5.15
6.45	162194	162200	100.00%	6.45	6.50	5.70	5.55	5.05	6.60	5.15
6.50	162193	162200	100.00%	6.50	6.85	5.70	5.55	5.10	6.70	5.15
6.55	162190	162200	99.99%	6.65	7.10	6.00	5.55	5.35	7.10	5.80
6.60	162190	162200	99.99%	6.65	7.10	6.00	5.55	5.35	7.10	5.80
6.65	162190	162200	99.99%	6.65	7.10	6.00	5.55	5.35	7.10	5.80
6.70	162189	162200	99.99%	6.70	7.10	6.00	5.55	5.60	7.10	5.80
6.75	162186	162200	99.99%	6.75	7.30	6.10	5.55	5.80	7.35	5.80
6.80	162185	162200	99.99%	6.80	7.35	6.10	5.55	5.85	7.45	5.80
6.85	162183	162200	99.99%	6.85	7.35	6.15	5.55	5.90	7.60	5.95
6.90	162182	162200	99.99%	6.95	7.35	6.15	5.55	5.95	7.60	5.95
6.95	162180	162200	99.99%	7.00	7.45	6.15	5.80	5.95	7.60	5.95
7.00	162180	162200	99.99%	7.00	7.45	6.15	5.80	5.95	7.60	5.95
7.05	162178	162200	99.99%	7.05	7.45	6.15	5.80	6.00	7.75	5.95
7.10	162175	162200	99.98%	7.15	7.60	6.25	5.80	6.10	7.85	6.30
7.15	162175	162200	99.98%	7.15	7.60	6.25	5.80	6.10	7.85	6.30
7.20	162167	162200	99.98%	7.20	7.70	6.35	5.80	6.20	8.10	6.45
7.25	162165	162200	99.98%	7.25	7.75	6.40	5.80	6.30	8.10	6.45
7.30	162160	162200	99.98%	7.30	7.80	6.45	5.80	6.35	8.25	6.55
7.35	162154	162200	99.97%	7.35	7.85	6.70	5.80	6.45	8.45	6.70
7.40	162152	162200	99.97%	7.40	7.95	6.70	5.80	6.45	8.50	6.70
7.45	162145	162200	99.97%	7.45	8.05	6.80	5.80	6.60	8.60	6.80
7.50	162144	162200	99.97%	7.50	8.05	6.80	5.80	6.60	8.70	6.80
7.55	162142	162200	99.96%	7.55	8.10	6.80	6.30	6.65	8.75	6.80
7.60	162135	162200	99.96%	7.60	8.20	6.90	6.30	6.75	8.85	6.85
7.65	162129	162200	99.96%	7.65	8.20	6.95	6.30	6.85	8.95	6.90
7.70	162122	162200	99.95%	7.70	8.30	7.05	6.30	6.90	9.00	6.95
7.75	162119	162200	99.95%	7.75	8.30	7.05	6.30	6.95	9.05	6.95
7.80	162114	162200	99.95%	7.80	8.35	7.10	6.30	6.95	9.10	6.95
7.85	162107	162200	99.94%	7.85	8.35	7.15	6.30	7.05	9.10	7.00
7.90	162103	162200	99.94%	7.90	8.40	7.15	6.60	7.10	9.20	7.05
7.95	162089	162200	99.93%	7.95	8.45	7.20	6.60	7.20	9.35	7.15
8.00	162084	162200	99.93%	8.00	8.55	7.25	6.60	7.25	9.35	7.35
8.05	162077	162200	99.92%	8.05	8.60	7.30	6.60	7.30	9.35	7.35
8.10	162063	162200	99.92%	8.10	8.60	7.35	6.65	7.35	9.50	7.35
8.15	162057	162200	99.91%	8.15	8.65	7.40	6.65	7.40	9.50	7.45
8.20	162051	162200	99.91%	8.20	8.70	7.40	6.65	7.45	9.60	7.45
8.25	162031	162200	99.90%	8.25	8.80	7.45	6.65	7.55	9.70	7.50
8.30	162020	162200	99.89%	8.30	8.85	7.45	7.20	7.60	9.70	7.55
8.35	162005	162200	99.88%	8.35	8.85	7.55	7.20	7.65	9.75	7.60
8.40	161991	162200	99.87%	8.40	8.95	7.60	7.20	7.70	9.85	7.70
8.45	161986	162200	99.87%	8.45	9.00	7.60	7.30	7.70	9.85	7.70
8.50	161969	162200	99.86%	8.50	9.10	7.65	7.30	7.80	9.95	7.85
8.55	161963	162200	99.85%	8.55	9.10	7.65	7.30	7.85	10.00	7.85
8.60	161946	162200	99.84%	8.60	9.20	7.70	7.35	7.95	10.05	7.95
8.65	161935	162200	99.84%	8.65	9.20	7.75	7.35	7.95	10.10	7.95
8.70	161923	162200	99.83%	8.70	9.25	7.80	7.35	8.00	10.10	7.95
8.75	161903	162200	99.82%	8.75	9.35	7.85	7.45	8.05	10.20	8.05
8.80	161892	162200	99.81%	8.80	9.35	7.90	7.45	8.10	10.25	8.05
8.85	161872	162200	99.80%	8.85	9.45	7.95	7.55	8.15	10.25	8.10
8.90	161853	162200	99.79%	8.90	9.45	7.95	7.55	8.20	10.35	8.10
8.95	161837	162200	99.78%	8.95	9.50	8.05	7.55	8.25	10.35	8.20
9.00	161802	162200	99.75%	9.00	9.60	8.05	7.70	8.35	10.45	8.25
9.05	161782	162200	99.74%	9.05	9.60	8.10	7.85	8.40	10.50	8.35
9.10	161755	162200	99.73%	9.10	9.70	8.20	7.85	8.45	10.60	8.35
9.15	161721	162200	99.70%	9.15	9.75	8.20	7.85	8.55	10.60	8.45
9.20	161704	162200	99.69%	9.20	9.75	8.25	7.90	8.55	10.70	8.50
9.25	161651	162200	99.66%	9.25	9.85	8.30	8.00	8.70	10.75	8.55
9.30	161628	162200	99.65%	9.30	9.95	8.30	8.10	8.70	10.80	8.60
9.35	161592	162200	99.63%	9.35	10.00	8.35	8.20	8.75	10.85	8.70
9.40	161561	162200	99.61%	9.40	10.00	8.40	8.20	8.85	10.95	8.70
9.45	161541	162200	99.59%	9.45	10.05	8.40	8.20	8.85	11.00	8.70
9.50	161487	162200	99.56%	9.50	10.10	8.45	8.20	8.95	11.00	8.80
9.55	161457	162200	99.54%	9.55	10.10	8.55	8.20	8.95	11.10	8.85
9.60	161420	162200	99.52%	9.60	10.20	8.55	8.30	9.05	11.10	8.85
9.65	161364	162200	99.48%	9.65	10.25	8.60	8.35	9.10	11.20	8.90
9.70	161341	162200	99.47%	9.70	10.25	8.60	8.35	9.10	11.25	8.95
9.75	161262	162200	99.42%	9.75	10.35	8.70	8.50	9.20	11.27	9.00
9.80	161227	162200	99.40%	9.80	10.35	8.75	8.60	9.30	11.35	9.10
9.85	161181	162200	99.37%	9.85	10.45	8.80	8.70	9.35	11.35	9.10
9.90	161115	162200	99.33%	9.90	10.50	8.90	8.70	9.40	11.50	9.15
9.95	161091	162200	99.32%	9.95	10.50	8.90	8.75	9.45	11.50	9.20
10.00	160996	162200	99.26%	10.00	10.60	9.05	8.80	9.55	11.60	9.25
10.05	160948	162200	99.23%	10.05	10.60	9.05	8.80	9.60	11.60	9.35
10.10	160905	162200	99.20%	10.10	10.70	9.05	8.80	9.60	11.60	9.35
10.15	160817	162200	99.15%	10.15	10.75	9.15	8.80	9.70	11.75	9.45
10.20	160794	162200	99.13%	10.20	10.75	9.15	8.85	9.70	11.75	9.45
10.25	160685	162200	99.07%	10.25	10.85	9.20	8.85	9.85	11.75	9.55
10.30	160628	162200	99.03%	10.30	10.85	9.30	8.95	9.85	11.85	9.60
10.35	160558	162200	98.99%	10.35	10.95	9.30	8.95	9.95	11.85	9.60
10.40	160440	162200	98.91%	10.40	11.00	9.40	9.00	10.05	12.00	9.70
10.45	160420	162200	98.90%	10.45	11.00	9.40	9.00	10.05	12.00	9.70
10.50	160294	162200	98.82%	10.50	11.10	9.45	9.05	10.10	12.05	9.85
10.55	160210	162200	98.77%	10.55	11.10	9.50	9.10	10.20	12.10	9.85
10.60	160126	162200	98.72%	10.60	11.20	9.55	9.10	10.25	12.20	9.95
10.65	159990	162200	98.64%	10.65	11.25	9.60	9.25	10.35	12.25	9.95
10.70	159957	162200	98.62%	10.70	11.25	9.60	9.25	10.35	12.25	10.00
10.75	159798	162200	98.52%	10.75	11.35	9.70	9.30	10.45	12.35	10.10
10.80	159704	162200	98.46%	10.80	11.35	9.75	9.35	10.50	12.35	10.10
10.85	159625	162200	98.41%	10.85	11.45	9.80	9.35	10.60	12.45	10.20
10.90	159450	162200	98.30%	10.90	11.50	9.85	9.35	10.70	12.50	10.25
10.95	159424	162200	98.29%	10.95	11.50	9.85	9.35	10.70	12.50	10.25
11.00	159240	162200	98.18%	11.00	11.60	9.95	9.45	10.75	12.60	10.35
11.05	159131	162200	98.11%	11.05	11.60	9.95	9.50	10.85	12.60	10.35
11.10	159047	162200	98.06%	11.10	11.70	10.00	9.50	10.85	12.60	10.35
11.15	158845	162200	97.93%	11.15	11.75	10.10	9.60	10.95	12.75	10.45
11.20	158816	162200	97.91%	11.20	11.75	10.10	9.60	10.95	12.75	10.45
11.25	158610	162200	97.79%	11.25	11.85	10.15	9.60	11.05	12.75	10.50
11.30	158463	162200	97.70%	11.30	11.85	10.20	9.60	11.10	12.85	10.60
11.35	158377	162200	97.64%	11.35	11.95	10.20	9.70	11.15	12.85	10.60
11.40	158157	162200	97.51%	11.40	12.00	10.30	9.70	11.25	13.00	10.70
11.45	158134	162200	97.49%	11.45	12.00	10.30	9.75	11.25	13.00	10.70
11.50	157876	162200	97.33%	11.50	12.10	10.40	9.85	11.35	13.00	10.80
11.55	157692	162200	97.22%	11.55	12.10	10.45	9.85	11.45	13.10	10.85
11.60	157604	162200	97.17%	11.60	12.10	10.45	9.85	11.45	13.10	10.85
11.65	157299	162200	96.98%	11.65	12.25	10.55	9.95	11.55	13.25	10.95
11.70	157274	162200	96.96%	11.70	12.25	10.55	9.95	11.55	13.25	10.95
11.75	157010	162200	96.80%	11.75	12.35	10.65	9.95	11.65	13.25	11.05
11.80	156818	162200	96.68%	11.80	12.35	10.70	10.00	11.70	13.25	11.10
11.85	156728	162200	96.63%	11.85	12.35	10.70	10.10	11.75	13.25	11.10
11.90	156375	162200	96.41%	11.90	12.50	10.80	10.20	11.85	13.35	11.20
11.95	156356	162200	96.40%	11.95	12.50	10.80	10.20	11.85	13.35	11.20
12.00	156041	162200	96.20%	12.00	12.60	10.90	10.20	11.95	13.50	11.25
12.05	155802	162200	96.06%	12.05	12.60	10.95	10.25	12.00	13.50	11.35
12.10	155698	162200	95.99%	12.10	12.60	10.95	10.25	12.05	13.50	11.35
12.15	155331	162200	95.77%	12.15	12.75	11.05	10.35	12.15	13.60	11.45
12.20	155315	162200	95.76%	12.20	12.75	11.05	10.35	12.15	13.60	11.45
12.25	154984	162200	95.55%	12.25	12.75	11.10	10.40	12.25	13.70	11.50
12.30	154693	162200	95.37%	12.30	12.85	11.20	10.45	12.35	13.75	11.60
12.35	154587	162200	95.31%	12.35	12.85	11.20	10.45	12.35	13.75	11.60
12.40	154157	162200	95.04%	12.40	12.95	11.30	10.55	12.45	13.85	11.60
12.45	154137	162200	95.03%	12.45	12.95	11.30	10.55	12.45	13.85	11.60
12.50	153783	162200	94.81%	12.50	13.00	11.35	10.60	12.55	13.85	11.70
12.55	153488	162200	94.63%	12.55	13.10	11.35	10.70	12.60	14.00	11.75
12.60	153384	162200	94.56%	12.60	13.10	11.40	10.70	12.60	14.00	11.75
12.65	152909	162200	94.27%	12.65	13.20	11.45	10.70	12.75	14.00	11.85
12.70	152891	162200	94.26%	12.70	13.20	11.45	10.70	12.75	14.00	11.85
12.75	152484	162200	94.01%	12.75	13.25	11.55	10.75	12.85	14.10	11.95
12.80	152118	162200	93.78%	12.80	13.25	11.60	10.85	12.85	14.10	12.00
12.85	151984	162200	93.70%	12.85	13.35	11.65	10.85	12.95	14.20	12.00
12.90	151431	162200	93.36%	12.90	13.35	11.75	10.90	13.05	14.25	12.10
12.95	151416	162200	93.35%	12.95	13.35	11.75	10.90	13.05	14.25	12.10
13.00	150990	162200	93.09%	13.00	13.50	11.80	10.95	13.10	14.25	12.20
13.05	150627	162200	92.86%	13.05	13.50	11.85	10.95	13.20	14.35	12.25
13.10	150507	162200	92.79%	13.10	13.50	11.90	11.00	13.20	14.35	12.25
13.15	149872	162200	92.40%	13.15	13.60	11.95	11.10	13.35	14.50	12.35
13.20	149849	162200	92.39%	13.20	13.60	11.95	11.10	13.35	14.50	12.35
13.25	149355	162200	92.08%	13.25	13.75	12.05	11.10	13.45	14.50	12.45
13.30	148923	162200	91.81%	13.30	13.75	12.10	11.20	13.50	14.50	12.50
13.35	148799	162200	91.74%	13.35	13.75	12.10	11.20	13.50	14.50	12.50
13.40	148159	162200	91.34%	13.40	13.85	12.20	11.35	13.60	14.60	12.60
13.45	148133	162200	91.33%	13.45	13.85	12.20	11.35	13.60	14.60	12.60
13.50	147598	162200	91.00%	13.50	13.95	12.30	11.35	13.70	14.75	12.70
13.55	147133	162200	90.71%	13.55	14.00	12.35	11.45	13.75	14.75	12.75
13.60	146995	162200	90.63%	13.60	14.00	12.35	11.45	13.80	14.75	12.75
13.65	146273	162200	90.18%	13.65	14.10	12.45	11.50	13.95	14.85	12.80
13.70	146253	162200	90.17%	13.70	14.10	12.45	11.50	13.95	14.85	12.85
13.75	145730	162200	89.85%	13.75	14.20	12.50	11.55	14.00	14.85	12.85
13.80	145245	162200	89.55%	13.80	14.25	12.60	11.60	14.10	15.00	12.95
13.85	145129	162200	89.48%	13.85	14.25	12.60	11.60	14.10	15.00	12.95
13.90	144321	162200	88.98%	13.90	14.35	12.70	11.60	14.20	15.00	13.00
13.95	144300	162200	88.96%	13.95	14.35	12.70	11.60	14.20	15.00	13.00
14.00	143729	162200	88.61%	14.00	14.35	12.75	11.70	14.25	15.00	13.10
14.05	143105	162200	88.23%	14.05	14.50	12.80	11.75	14.35	15.10	13.10
14.10	142979	162200	88.15%	14.10	14.50	12.85	11.75	14.35	15.10	13.10
14.15	142196	162200	87.67%	14.15	14.55	12.95	11.85	14.50	15.25	13.25
14.20	142182	162200	87.66%	14.20	14.60	12.95	11.85	14.50	15.25	13.25
14.25	141635	162200	87.32%	14.25	14.60	12.95	11.85	14.60	15.25	13.25
14.30	141041	162200	86.95%	14.30	14.70	13.05	11.95	14.60	15.25	13.35
14.35	140913	162200	86.88%	14.35	14.75	13.10	11.95	14.60	15.25	13.35
14.40	139987	162200	86.31%	14.40	14.75	13.20	12.00	14.75	15.35	13.45
14.45	139968	162200	86.29%	14.45	14.75	13.20	12.00	14.75	15.35	13.45
14.50	139397	162200	85.94%	14.50	14.85	13.20	12.05	14.85	15.50	13.50
14.55	138694	162200	85.51%	14.55	14.85	13.30	12.10	14.95	15.50	13.50
14.60	138575	162200	85.43%	14.60	14.95	13.35	12.10	14.95	15.50	13.50
14.65	137607	162200	84.84%	14.65	15.00	13.45	12.20	15.05	15.50	13.60
14.70	137595	162200	84.83%	14.70	15.00	13.45	12.20	15.05	15.50	13.60
14.75	136977	162200	84.45%	14.75	15.00	13.45	12.20	15.10	15.60	13.70
14.80	136243	162200	84.00%	14.80	15.10	13.55	12.25	15.20	15.75	13.75
14.85	136126	162200	83.92%	14.85	15.10	13.55	12.25	15.20	15.75	13.75
14.90	135140	162200	83.32%	14.90	15.25	13.65	12.35	15.35	15.75	13.85
14.95	135129	162200	83.31%	14.95	15.25	13.65	12.35	15.35	15.75	13.85
15.00	134478	162200	82.91%	15.00	15.25	13.70	12.35	15.35	15.75	13.85
15.05	133685	162200	82.42%	15.05	15.35	13.80	12.35	15.45	15.85	13.95
15.10	133572	162200	82.35%	15.10	15.35	13.80	12.35	15.50	15.85	14.00
15.15	132547	162200	81.72%	15.15	15.50	13.85	12.50	15.60	16.00	14.00
15.20	132529	162200	81.71%	15.20	15.50	13.90	12.50	15.60	16.00	14.00
15.25	131941	162200	81.34%	15.25	15.50	13.95	12.50	15.60	16.00	14.10
15.30	131074	162200	80.81%	15.30	15.50	14.05	12.60	15.75	16.00	14.10
15.35	130980	162200	80.75%	15.35	15.60	14.05	12.60	15.75	16.00	14.15
15.40	129834	162200	80.05%	15.40	15.70	14.15	12.60	15.85	16.10	14.25
15.45	129816	162200	80.03%	15.45	15.70	14.15	12.60	15.85	16.10	14.25
15.50	129172	162200	79.64%	15.50	15.75	14.20	12.70	15.95	16.10	14.25
15.55	128215	162200	79.05%	15.55	15.75	14.30	12.75	16.00	16.25	14.35
15.60	128121	162200	78.99%	15.60	15.75	14.30	12.75	16.00	16.25	14.35
15.65	126998	162200	78.30%	15.65	15.85	14.35	12.85	16.10	16.25	14.50
15.70	126988	162200	78.29%	15.70	15.85	14.35	12.85	16.10	16.25	14.50
15.75	126362	162200	77.91%	15.75	15.95	14.45	12.85	16.20	16.25	14.50
15.80	125397	162200	77.31%	15.80	16.00	14.55	12.95	16.25	16.35	14.55
15.85	125302	162200	77.25%	15.85	16.00	14.55	12.95	16.30	16.35	14.60
15.90	124125	162200	76.53%	15.90	16.10	14.70	13.00	16.40	16.50	14.60
15.95	124117	162200	76.52%	15.95	16.10	14.70	13.00	16.42	16.50	14.60
16.00	123478	162200	76.13%	16.00	16.10	14.70	13.00	16.50	16.50	14.75
16.05	122506	162200	75.53%	16.05	16.25	14.80	13.10	16.60	16.50	14.75
16.10	122416	162200	75.47%	16.10	16.25	14.80	13.10	16.60	16.50	14.75
16.15	121245	162200	74.75%	16.15	16.25	14.85	13.10	16.70	16.60	14.85
16.20	121219	162200	74.73%	16.20	16.25	14.85	13.15	16.70	16.60	14.85
16.25	120591	162200	74.35%	16.25	16.35	14.95	13.20	16.75	16.60	14.85
16.30	119485	162200	73.67%	16.30	16.50	15.05	13.25	16.85	16.75	15.00
16.35	119408	162200	73.62%	16.35	16.50	15.10	13.25	16.85	16.75	15.00
16.40	118101	162200	72.81%	16.40	16.50	15.20	13.35	16.95	16.75	15.00
16.45	118081	162200	72.80%	16.45	16.50	15.20	13.35	16.95	16.75	15.00
16.50	117462	162200	72.42%	16.50	16.55	15.20	13.35	17.00	16.75	15.10
16.55	116383	162200	71.75%	16.55	16.60	15.30	13.45	17.10	16.85	15.20
16.60	116311	162200	71.71%	16.60	16.60	15.30	13.50	17.10	16.85	15.20
16.65	115079	162200	70.95%	16.65	16.75	15.35	13.55	17.25	17.00	15.25
16.70	115058	162200	70.94%	16.70	16.75	15.35	13.55	17.25	17.00	15.25
16.75	114513	162200	70.60%	16.75	16.75	15.45	13.60	17.25	17.00	15.25
16.80	113373	162200	69.90%	16.80	16.85	15.55	13.60	17.35	17.00	15.35
16.85	113303	162200	69.85%	16.85	16.85	15.55	13.60	17.35	17.00	15.35
16.90	111951	162200	69.02%	16.90	17.00	15.60	13.75	17.50	17.10	15.50
16.95	111932	162200	69.01%	16.95	17.00	15.60	13.75	17.50	17.10	15.50
17.00	111319	162200	68.63%	17.00	17.00	15.70	13.75	17.50	17.10	15.50
17.05	110007	162200	67.82%	17.05	17.00	15.80	13.85	17.60	17.25	15.60
17.10	109952	162200	67.79%	17.10	17.10	15.80	13.85	17.60	17.25	15.60
17.15	108648	162200	66.98%	17.15	17.20	15.85	13.95	17.75	17.25	15.70
17.20	108634	162200	66.98%	17.20	17.20	15.85	13.95	17.75	17.25	15.70
17.25	108094	162200	66.64%	17.25	17.25	15.95	13.95	17.75	17.25	15.75
17.30	106745	162200	65.81%	17.30	17.25	16.05	14.00	17.85	17.35	15.75
17.35	106680	162200	65.77%	17.35	17.25	16.05	14.00	17.85	17.35	15.75
17.40	105349	162200	64.95%	17.40	17.35	16.10	14.10	18.00	17.50	15.85
17.45	105338	162200	64.94%	17.45	17.35	16.10	14.10	18.00	17.50	15.85
17.50	104814	162200	64.62%	17.50	17.35	16.20	14.10	18.05	17.50	15.85
17.55	103450	162200	63.78%	17.55	17.50	16.30	14.25	18.20	17.50	16.00
17.60	103406	162200	63.75%	17.60	17.50	16.30	14.25	18.20	17.50	16.00
17.65	102034	162200	62.91%	17.65	17.50	16.35	14.25	18.25	17.50	16.00
17.70	102026	162200	62.90%	17.70	17.50	16.35	14.25	18.25	17.50	16.00
17.75	101592	162200	62.63%	17.75	17.60	16.45	14.35	18.30	17.60	16.10
17.80	100161	162200	61.75%	17.80	17.75	16.50	14.35	18.45	17.75	16.20
17.85	100101	162200	61.71%	17.85	17.75	16.50	14.35	18.45	17.75	16.25
17.90	98695	162200	60.85%	17.90	17.75	16.60	14.50	18.50	17.75	16.25
17.95	98687	162200	60.84%	17.95	17.75	16.60	14.50	18.50	17.75	16.25
18.00	98246	162200	60.57%	18.00	17.75	16.70	14.50	18.60	17.75	16.25
18.05	96712	162200	59.63%	18.05	17.85	16.80	14.60	18.70	17.75	16.45
18.10	96681	162200	59.61%	18.10	17.85	16.80	14.60	18.70	17.75	16.45
18.15	95366	162200	58.80%	18.20	18.00	16.85	14.60	18.75	17.95	16.50
18.20	95366	162200	58.80%	18.20	18.00	16.85	14.60	18.75	17.95	16.50
18.25	94947	162200	58.54%	18.25	18.00	16.95	14.70	18.85	18.00	16.50
18.30	93398	162200	57.58%	18.30	18.10	17.05	14.75	19.00	18.00	16.60
18.35	93379	162200	57.57%	18.35	18.10	17.05	14.75	19.00	18.00	16.60
18.40	92090	162200	56.78%	18.40	18.25	17.10	14.85	19.00	18.00	16.75
18.45	92084	162200	56.77%	18.45	18.25	17.10	14.85	19.00	18.00	16.75
18.50	91707	162200	56.54%	18.50	18.25	17.20	14.85	19.10	18.00	16.75
18.55	90060	162200	55.52%	18.55	18.25	17.30	15.00	19.25	18.10	16.75
18.60	90040	162200	55.51%	18.60	18.25	17.35	15.00	19.25	18.10	16.75
18.65	88792	162200	54.74%	18.65	18.35	17.45	15.00	19.25	18.25	16.85
18.70	88790	162200	54.74%	18.70	18.35	17.45	15.00	19.25	18.25	16.85
18.75	88419	162200	54.51%	18.75	18.35	17.45	15.00	19.35	18.25	16.85
18.80	86807	162200	53.52%	18.80	18.50	17.60	15.10	19.50	18.25	17.00
18.85	86783	162200	53.50%	18.85	18.50	17.60	15.10	19.50	18.25	17.00
18.90	85622	162200	52.79%	18.90	18.50	17.70	15.20	19.50	18.35	17.05
18.95	85620	162200	52.79%	18.95	18.50	17.70	15.20	19.50	18.35	17.05
19.00	85308	162200	52.59%	19.00	18.50	17.70	15.20	19.50	18.35	17.10
19.05	83607	162200	51.55%	19.05	18.75	17.85	15.25	19.75	18.50	17.25
19.10	83592	162200	51.54%	19.10	18.75	17.85	15.25	19.75	18.50	17.25
19.15	82355	162200	50.77%	19.20	18.75	17.95	15.35	19.75	18.50	17.25
19.20	82355	162200	50.77%	19.20	18.75	17.95	15.35	19.75	18.50	17.25
19.25	82038	162200	50.58%	19.25	18.75	17.95	15.35	19.77	18.50	17.25
19.30	80184	162200	49.44%	19.30	18.85	18.10	15.50	20.00	18.60	17.35
19.35	80165	162200	49.42%	19.35	18.85	18.10	15.50	20.00	18.60	17.35
19.40	78974	162200	48.69%	19.45	19.00	18.20	15.55	20.00	18.75	17.50
19.45	78974	162200	48.69%	19.45	19.00	18.20	15.55	20.00	18.75	17.50
19.50	78701	162200	48.52%	19.50	19.00	18.25	15.60	20.00	18.75	17.50
19.55	76866	162200	47.39%	19.55	19.10	18.35	15.60	20.25	18.75	17.60
19.60	76856	162200	47.38%	19.60	19.10	18.35	15.60	20.25	18.75	17.60
19.65	75723	162200	46.68%	19.65	19.20	18.50	15.75	20.25	18.75	17.75
19.70	75722	162200	46.68%	19.70	19.20	18.50	15.75	20.25	18.75	17.75
19.75	75497	162200	46.55%	19.75	19.25	18.50	15.75	20.25	18.75	17.75
19.80	73595	162200	45.37%	19.80	19.25	18.60	15.85	20.50	19.00	17.75
19.85	73582	162200	45.36%	19.85	19.25	18.60	15.85	20.50	19.00	17.75
19.90	72512	162200	44.71%	19.90	19.35	18.75	15.85	20.50	19.00	17.85
19.95	72509	162200	44.70%	19.95	19.35	18.75	15.85	20.50	19.00	17.85
20.00	72317	162200	44.59%	20.00	19.35	18.75	15.85	20.50	19.00	17.85
20.05	70370	162200	43.38%	20.05	19.50	18.85	16.00	20.75	19.00	18.00
20.10	70363	162200	43.38%	20.10	19.50	18.85	16.00	20.75	19.00	18.00
20.15	69358	162200	42.76%	20.20	19.50	19.00	16.00	20.75	19.10	18.00
20.20	69358	162200	42.76%	20.20	19.50	19.00	16.00	20.75	19.10	18.00
20.25	69185	162200	42.65%	20.25	19.50	19.00	16.10	20.75	19.10	18.00
20.30	67285	162200	41.48%	20.30	19.75	19.20	16.20	21.00	19.25	18.25
20.35	67281	162200	41.48%	20.35	19.75	19.20	16.20	21.00	19.25	18.25
20.40	66315	162200	40.88%	20.40	19.75	19.25	16.25	21.00	19.25	18.25
20.45	66313	162200	40.88%	20.45	19.75	19.25	16.25	21.00	19.25	18.25
20.50	66157	162200	40.79%	20.50	19.75	19.25	16.25	21.00	19.25	18.25
20.55	64065	162200	39.50%	20.55	19.85	19.45	16.35	21.25	19.25	18.35
20.60	64063	162200	39.50%	20.60	19.85	19.45	16.35	21.25	19.25	18.35
20.65	63138	162200	38.93%	20.70	20.00	19.50	16.35	21.25	19.35	18.50
20.70	63138	162200	38.93%	20.70	20.00	19.50	16.35	21.25	19.35	18.50
20.75	63015	162200	38.85%	20.75	20.00	19.50	16.35	21.25	19.50	18.50
20.80	61009	162200	37.61%	20.80	20.00	19.75	16.50	21.35	19.50	18.60
20.85	61004	162200	37.61%	20.85	20.00	19.75	16.50	21.35	19.50	18.60
20.90	60129	162200	37.07%	20.95	20.10	19.75	16.60	21.50	19.50	18.75
20.95	60129	162200	37.07%	20.95	20.10	19.75	16.60	21.50	19.50	18.75
21.00	60021	162200	37.00%	21.00	20.10	19.75	16.60	21.50	19.50	18.75
21.05	57976	162200	35.74%	21.05	20.25	20.00	16.75	21.60	19.75	18.75
21.10	57973	162200	35.74%	21.10	20.25	20.00	16.75	21.60	19.75	18.75
21.15	57176	162200	35.25%	21.20	20.25	20.00	16.75	21.75	19.75	18.85
21.20	57176	162200	35.25%	21.20	20.25	20.00	16.75	21.75	19.75	18.85
21.25	57097	162200	35.20%	21.25	20.25	20.00	16.75	21.75	19.75	18.85
21.30	55047	162200	33.94%	21.30	20.50	20.25	16.85	21.85	19.75	19.00
21.35	55044	162200	33.94%	21.35	20.50	20.25	16.85	21.85	19.75	19.00
21.40	54288	162200	33.47%	21.45	20.50	20.25	16.95	22.00	19.75	19.00
21.45	54288	162200	33.47%	21.45	20.50	20.25	16.95	22.00	19.75	19.00
21.50	54227	162200	33.43%	21.50	20.50	20.25	16.95	22.00	19.75	19.00
21.55	52099	162200	32.12%	21.55	20.70	20.50	17.10	22.10	20.00	19.25
21.60	52095	162200	32.12%	21.60	20.70	20.50	17.10	22.10	20.00	19.25
21.65	51417	162200	31.70%	21.70	20.75	20.60	17.10	22.17	20.00	19.25
21.70	51417	162200	31.70%	21.70	20.75	20.60	17.10	22.17	20.00	19.25
21.75	51356	162200	31.66%	21.75	20.75	20.60	17.10	22.20	20.00	19.25
21.80	49197	162200	30.33%	21.80	20.75	20.75	17.25	22.25	20.00	19.50
21.85	49196	162200	30.33%	21.85	20.75	20.75	17.25	22.25	20.00	19.50
21.90	48596	162200	29.96%	21.95	20.95	20.85	17.35	22.35	20.10	19.50
21.95	48596	162200	29.96%	21.95	20.95	20.85	17.35	22.35	20.10	19.50
22.00	48539	162200	29.93%	22.00	21.00	20.85	17.35	22.35	20.10	19.50
22.05	46349	162200	28.58%	22.10	21.00	21.10	17.50	22.50	20.25	19.60
22.10	46349	162200	28.58%	22.10	21.00	21.10	17.50	22.50	20.25	19.60
22.15	45804	162200	28.24%	22.20	21.00	21.10	17.50	22.60	20.25	19.75
22.20	45804	162200	28.24%	22.20	21.00	21.10	17.50	22.60	20.25	19.75
22.25	45774	162200	28.22%	22.25	21.00	21.10	17.50	22.60	20.25	19.75
22.30	43611	162200	26.89%	22.35	21.25	21.35	17.60	22.75	20.50	19.75
22.35	43611	162200	26.89%	22.35	21.25	21.35	17.60	22.75	20.50	19.75
22.40	43111	162200	26.58%	22.45	21.25	21.45	17.75	22.75	20.50	19.85
22.45	43111	162200	26.58%	22.45	21.25	21.45	17.75	22.75	20.50	19.85
22.50	43089	162200	26.57%	22.50	21.25	21.50	17.75	22.75	20.50	19.85
22.55	40985	162200	25.27%	22.60	21.50	21.60	17.85	23.00	20.50	20.00
22.60	40985	162200	25.27%	22.60	21.50	21.60	17.85	23.00	20.50	20.00
22.65	40513	162200	24.98%	22.70	21.50	21.75	17.85	23.00	20.50	20.00
22.70	40513	162200	24.98%	22.70	21.50	21.75	17.85	23.00	20.50	20.00
22.75	40490	162200	24.96%	22.75	21.50	21.75	17.85	23.00	20.50	20.00
22.80	38368	162200	23.65%	22.80	21.75	22.00	18.00	23.25	20.75	20.25
22.85	38367	162200	23.65%	22.85	21.75	22.00	18.00	23.25	20.75	20.25
22.90	37970	162200	23.41%	22.95	21.75	22.00	18.10	23.25	20.75	20.25
22.95	37970	162200	23.41%	22.95	21.75	22.00	18.10	23.25	20.75	20.25
23.00	37954	162200	23.40%	23.00	21.75	22.00	18.10	23.25	20.75	20.25
23.05	35861	162200	22.11%	23.05	21.75	22.25	18.25	23.50	20.85	20.50
23.10	35860	162200	22.11%	23.10	21.75	22.25	18.25	23.50	20.85	20.50
23.15	35493	162200	21.88%	23.20	21.85	22.25	18.25	23.50	20.85	20.50
23.20	35493	162200	21.88%	23.20	21.85	22.25	18.25	23.50	20.85	20.50
23.25	35478	162200	21.87%	23.25	21.85	22.25	18.25	23.50	20.85	20.50
23.30	33426	162200	20.61%	23.35	22.00	22.50	18.50	23.60	21.00	20.75
23.35	33426	162200	20.61%	23.35	22.00	22.50	18.50	23.60	21.00	20.75
23.40	33133	162200	20.43%	23.45	22.00	22.50	18.50	23.75	21.00	20.75
23.45	33133	162200	20.43%	23.45	22.00	22.50	18.50	23.75	21.00	20.75
23.50	33114	162200	20.42%	23.50	22.00	22.50	18.50	23.75	21.00	20.75
23.55	31109	162200	19.18%	23.60	22.25	22.75	18.75	23.75	21.25	21.00
23.60	31109	162200	19.18%	23.60	22.25	22.75	18.75	23.75	21.25	21.00
23.65	30801	162200	18.99%	23.70	22.25	22.75	18.75	23.85	21.25	21.00
23.70	30801	162200	18.99%	23.70	22.25	22.75	18.75	23.85	21.25	21.00
23.75	30791	162200	18.98%	23.75	22.25	22.75	18.75	23.85	21.25	21.00
23.80	28754	162200	17.73%	23.85	22.50	23.00	18.85	24.00	21.25	21.25
23.85	28754	162200	17.73%	23.85	22.50	23.00	18.85	24.00	21.25	21.25
23.90	28506	162200	17.57%	23.95	22.50	23.00	19.00	24.00	21.25	21.25
23.95	28506	162200	17.57%	23.95	22.50	23.00	19.00	24.00	21.25	21.25
24.00	28498	162200	17.57%	24.00	22.50	23.00	19.00	24.00	21.25	21.25
24.05	26498	162200	16.34%	24.10	22.75	23.25	19.10	24.25	21.50	21.35
24.10	26498	162200	16.34%	24.10	22.75	23.25	19.10	24.25	21.50	21.35
24.15	26283	162200	16.20%	24.20	22.75	23.25	19.10	24.25	21.50	21.50
24.20	26283	162200	16.20%	24.20	22.75	23.25	19.10	24.25	21.50	21.50
24.25	26273	162200	16.20%	24.25	22.75	23.25	19.10	24.25	21.50	21.50
24.30	24277	162200	14.97%	24.35	22.75	23.50	19.25	24.50	21.75	21.50
24.35	24277	162200	14.97%	24.35	22.75	23.50	19.25	24.50	21.75	21.50
24.40	24060	162200	14.83%	24.45	22.85	23.50	19.35	24.50	21.75	21.60
24.45	24060	162200	14.83%	24.45	22.85	23.50	19.35	24.50	21.75	21.60
24.50	24056	162200	14.83%	24.50	22.85	23.50	19.35	24.50	21.75	21.60
24.55	22117	162200	13.64%	24.60	23.00	23.75	19.50	24.75	21.75	21.75
24.60	22117	162200	13.64%	24.60	23.00	23.75	19.50	24.75	21.75	21.75
24.65	21976	162200	13.55%	24.70	23.00	23.75	19.50	24.75	21.85	21.75
24.70	21976	162200	13.55%	24.70	23.00	23.75	19.50	24.75	21.85	21.75
24.75	21975	162200	13.55%	24.75	23.00	23.75	19.50	24.75	21.85	21.75
24.80	20110	162200	12.40%	24.85	23.25	24.00	19.75	25.00	22.00	22.00
24.85	20110	162200	12.40%	24.85	23.25	24.00	19.75	25.00	22.00	22.00
24.90	19973	162200	12.31%	25.00	23.25	24.10	19.75	25.00	22.00	22.00
24.95	19973	162200	12.31%	25.00	23.25	24.10	19.75	25.00	22.00	22.00
25.00	19973	162200	12.31%	25.00	23.25	24.10	19.75	25.00	22.00	22.00
25.05	18115	162200	11.17%	25.10	23.50	24.35	20.00	25.00	22.25	22.25
25.10	18115	162200	11.17%	25.10	23.50	24.35	20.00	25.00	22.25	22.25
25.15	18014	162200	11.11%	25.20	23.50	24.35	20.00	25.10	22.25	22.25
25.20	18014	162200	11.11%	25.20	23.50	24.35	20.00	25.10	22.25	22.25
25.25	18013	162200	11.11%	25.25	23.50	24.35	20.00	25.10	22.25	22.25
25.30	16201	162200	9.99%	25.35	23.75	24.75	20.25	25.25	22.50	22.50
25.35	16201	162200	9.99%	25.35	23.75	24.75	20.25	25.25	22.50	22.50
25.40	16083	162200	9.92%	25.45	23.75	24.75	20.25	25.25	22.50	22.50
25.45	16083	162200	9.92%	25.45	23.75	24.75	20.25	25.25	22.50	22.50
25.50	16081	162200	9.91%	25.50	23.75	24.75	20.25	25.25	22.50	22.50
25.55	14315	162200	8.83%	25.60	24.00	25.00	20.50	25.50	22.50	22.75
25.60	14315	162200	8.83%	25.60	24.00	25.00	20.50	25.50	22.50	22.75
25.65	14238	162200	8.78%	25.70	24.00	25.00	20.50	25.50	22.60	22.75
25.70	14238	162200	8.78%	25.70	24.00	25.00	20.50	25.50	22.60	22.75
25.75	14237	162200	8.78%	25.75	24.00	25.00	20.50	25.50	22.60	22.75
25.80	12625	162200	7.78%	25.85	24.25	25.25	20.75	25.75	22.75	23.00
25.85	12625	162200	7.78%	25.85	24.25	25.25	20.75	25.75	22.75	23.00
25.90	12571	162200	7.75%	26.00	24.25	25.25	20.75	25.75	22.75	23.00
25.95	12571	162200	7.75%	26.00	24.25	25.25	20.75	25.75	22.75	23.00
26.00	12571	162200	7.75%	26.00	24.25	25.25	20.75	25.75	22.75	23.00
26.05	11022	162200	6.80%	26.10	24.50	25.50	21.10	26.00	23.00	23.25
26.10	11022	162200	6.80%	26.10	24.50	25.50	21.10	26.00	23.00	23.25
26.15	10973	162200	6.77%	26.25	24.50	25.50	21.10	26.00	23.00	23.25
26.20	10973	162200	6.77%	26.25	24.50	25.50	21.10	26.00	23.00	23.25
26.25	10973	162200	6.77%	26.25	24.50	25.50	21.10	26.00	23.00	23.25
26.30	9473	162200	5.84%	26.35	24.75	25.75	21.50	26.25	23.25	23.75
26.35	9473	162200	5.84%	26.35	24.75	25.75	21.50	26.25	23.25	23.75
26.40	9436	162200	5.82%	26.50	24.75	25.75	21.50	26.25	23.25	23.75
26.45	9436	162200	5.82%	26.50	24.75	25.75	21.50	26.25	23.25	23.75
26.50	9436	162200	5.82%	26.50	24.75	25.75	21.50	26.25	23.25	23.75
26.55	7953	162200	4.90%	26.60	25.00	26.00	21.75	26.35	23.50	24.00
26.60	7953	162200	4.90%	26.60	25.00	26.00	21.75	26.35	23.50	24.00
26.65	7927	162200	4.89%	26.75	25.00	26.00	21.75	26.35	23.50	24.00
26.70	7927	162200	4.89%	26.75	25.00	26.00	21.75	26.35	23.50	24.00
26.75	7927	162200	4.89%	26.75	25.00	26.00	21.75	26.35	23.50	24.00
26.80	6543	162200	4.03%	26.85	25.25	26.25	22.00	26.50	23.75	24.25
26.85	6543	162200	4.03%	26.85	25.25	26.25	22.00	26.50	23.75	24.25
26.90	6524	162200	4.02%	27.00	25.25	26.25	22.00	26.50	23.75	24.25
26.95	6524	162200	4.02%	27.00	25.25	26.25	22.00	26.50	23.75	24.25
27.00	6524	162200	4.02%	27.00	25.25	26.25	22.00	26.50	23.75	24.25
27.05	5327	162200	3.28%	27.10	25.50	26.50	22.50	26.75	24.00	24.50
27.10	5327	162200	3.28%	27.10	25.50	26.50	22.50	26.75	24.00	24.50
27.15	5318	162200	3.28%	27.25	25.50	26.50	22.50	26.75	24.00	24.50
27.20	5318	162200	3.28%	27.25	25.50	26.50	22.50	26.75	24.00	24.50
27.25	5318	162200	3.28%	27.25	25.50	26.50	22.50	26.75	24.00	24.50
27.30	4158	162200	2.56%	27.35	25.75	26.75	23.00	27.00	24.25	25.00
27.35	4158	162200	2.56%	27.35	25.75	26.75	23.00	27.00	24.25	25.00
27.40	4154	162200	2.56%	27.50	25.75	26.75	23.00	27.00	24.25	25.00
27.45	4154	162200	2.56%	27.50	25.75	26.75	23.00	27.00	24.25	25.00
27.50	4154	162200	2.56%	27.50	25.75	26.75	23.00	27.00	24.25	25.00
27.55	3149	162200	1.94%	27.60	26.00	27.00	23.50	27.25	24.50	25.25
27.60	3149	162200	1.94%	27.60	26.00	27.00	23.50	27.25	24.50	25.25
27.65	3146	162200	1.94%	27.75	26.00	27.00	23.50	27.25	24.50	25.25
27.70	3146	162200	1.94%	27.75	26.00	27.00	23.50	27.25	24.50	25.25
27.75	3146	162200	1.94%	27.75	26.00	27.00	23.50	27.25	24.50	25.25
27.80	2310	162200	1.42%	27.85	26.25	27.25	24.00	27.50	24.85	25.50
27.85	2310	162200	1.42%	27.85	26.25	27.25	24.00	27.50	24.85	25.50
27.90	2308	162200	1.42%	28.00	26.25	27.25	24.00	27.50	24.85	25.50
27.95	2308	162200	1.42%	28.00	26.25	27.25	24.00	27.50	24.85	25.50
28.00	2308	162200	1.42%	28.00	26.25	27.25	24.00	27.50	24.85	25.50
28.05	1615	162200	1.00%	28.10	26.75	27.75	24.25	27.75	25.25	25.75
28.10	1615	162200	1.00%	28.10	26.75	27.75	24.25	27.75	25.25	25.75
28.15	1614	162200	1.00%	28.25	26.75	27.75	24.25	27.75	25.25	25.75
28.20	1614	162200	1.00%	28.25	26.75	27.75	24.25	27.75	25.25	25.75
28.25	1614	162200	1.00%	28.25	26.75	27.75	24.25	27.75	25.25	25.75
28.30	1036	162200	0.64%	28.35	27.00	28.00	24.85	28.00	25.50	26.25
28.35	1036	162200	0.64%	28.35	27.00	28.00	24.85	28.00	25.50	26.25
28.40	1035	162200	0.64%	28.50	27.00	28.00	24.85	28.00	25.50	26.25
28.45	1035	162200	0.64%	28.50	27.00	28.00	24.85	28.00	25.50	26.25
28.50	1035	162200	0.64%	28.50	27.00	28.00	24.85	28.00	25.50	26.25
28.55	625	162200	0.39%	28.75	27.50	28.25	25.25	28.25	26.00	26.75
28.60	625	162200	0.39%	28.75	27.50	28.25	25.25	28.25	26.00	26.75
28.65	625	162200	0.39%	28.75	27.50	28.25	25.25	28.25	26.00	26.75
28.70	625	162200	0.39%	28.75	27.50	28.25	25.25	28.25	26.00	26.75
28.75	625	162200	0.39%	28.75	27.50	28.25	25.25	28.25	26.00	26.75
28.80	344	162200	0.21%	29.00	27.75	28.50	25.50	28.50	26.25	27.25
28.85	344	162200	0.21%	29.00	27.75	28.50	25.50	28.50	26.25	27.25
28.90	344	162200	0.21%	29.00	27.75	28.50	25.50	28.50	26.25	27.25
28.95	344	162200	0.21%	29.00	27.75	28.50	25.50	28.50	26.25	27.25
29.00	344	162200	0.21%	29.00	27.75	28.50	25.50	28.50	26.25	27.25
29.05	183	162200	0.11%	29.25	28.00	28.75	26.00	28.75	26.75	27.50
29.10	183	162200	0.11%	29.25	28.00	28.75	26.00	28.75	26.75	27.50
29.15	183	162200	0.11%	29.25	28.00	28.75	26.00	28.75	26.75	27.50
29.20	183	162200	0.11%	29.25	28.00	28.75	26.00	28.75	26.75	27.50
29.25	183	162200	0.11%	29.25	28.00	28.75	26.00	28.75	26.75	27.50
29.30	90	162200	0.06%	29.50	28.50	29.00	26.25	29.00	27.00	28.00
29.35	90	162200	0.06%	29.50	28.50	29.00	26.25	29.00	27.00	28.00
29.40	90	162200	0.06%	29.50	28.50	29.00	26.25	29.00	27.00	28.00
29.45	90	162200	0.06%	29.50	28.50	29.00	26.25	29.00	27.00	28.00
29.50	90	162200	0.06%	29.50	28.50	29.00	26.25	29.00	27.00	28.00
29.55	32	162200	0.02%	29.75	29.00	29.25	27.00	29.25	27.25	28.50
29.60	32	162200	0.02%	29.75	29.00	29.25	27.00	29.25	27.25	28.50
29.65	32	162200	0.02%	29.75	29.00	29.25	27.00	29.25	27.25	28.50
29.70	32	162200	0.02%	29.75	29.00	29.25	27.00	29.25	27.25	28.50
29.75	32	162200	0.02%	29.75	29.00	29.25	27.00	29.25	27.25	28.50
29.80	8	162200	0.00%	30.00	29.50	29.75	27.00	29.50	27.75	29.00
29.85	8	162200	0.00%	30.00	29.50	29.75	27.00	29.50	27.75	29.00
29.90	8	162200	0.00%	30.00	29.50	29.75	27.00	29.50	27.75	29.00
29.95	8	162200	0.00%	30.00	29.50	29.75	27.00	29.50	27.75	29.00
30.00	8	162200	0.00%	30.00	29.50	29.75	27.00	29.50	27.75	29.00
