0.00	146960	146960	100.00%	1.70	5.50	4.05	5.55	0.50	3.50	4.20
0.05	146960	146960	100.00%	1.70	5.50	4.05	5.55	0.50	3.50	4.20
0.10	146960	146960	100.00%	1.70	5.50	4.05	5.55	0.50	3.50	4.20
0.15	146960	146960	100.00%	1.70	5.50	4.05	5.55	0.50	3.50	4.20
0.20	146960	146960	100.00%	1.70	5.50	4.05	5.55	0.50	3.50	4.20
0.25	146960	146960	100.00%	1.70	5.50	4.05	5.55	0.50	3.50	4.20
0.30	146960	146960	100.00%	1.70	5.50	4.05	5.55	0.50	3.50	4.20
0.35	146960	146960	100.00%	1.70	5.50	4.05	5.55	0.50	3.50	4.20
0.40	146960	146960	100.00%	1.70	5.50	4.05	5.55	0.50	3.50	4.20
0.45	146960	146960	100.00%	1.70	5.50	4.05	5.55	0.50	3.50	4.20
0.50	146960	146960	100.00%	1.70	5.50	4.05	5.55	0.50	3.50	4.20
0.55	146960	146960	100.00%	1.70	5.50	4.05	5.55	0.50	3.50	4.20
0.60	146960	146960	100.00%	1.70	5.50	4.05	5.55	0.50	3.50	4.20
0.65	146960	146960	100.00%	1.70	5.50	4.05	5.55	0.50	3.50	4.20
0.70	146960	146960	100.00%	1.70	5.50	4.05	5.55	0.50	3.50	4.20
0.75	146960	146960	100.00%	1.70	5.50	4.05	5.55	0.50	3.50	4.20
0.80	146960	146960	100.00%	1.70	5.50	4.05	5.55	0.50	3.50	4.20
0.85	146960	146960	100.00%	1.70	5.50	4.05	5.55	0.50	3.50	4.20
0.90	146960	146960	100.00%	1.70	5.50	4.05	5.55	0.50	3.50	4.20
0.95	146960	146960	100.00%	1.70	5.50	4.05	5.55	0.50	3.50	4.20
1.00	146960	146960	100.00%	1.70	5.50	4.05	5.55	0.50	3.50	4.20
1.05	146960	146960	100.00%	1.70	5.50	4.05	5.55	0.50	3.50	4.20
1.10	146960	146960	100.00%	1.70	5.50	4.05	5.55	0.50	3.50	4.20
1.15	146960	146960	100.00%	1.70	5.50	4.05	5.55	0.50	3.50	4.20
1.20	146960	146960	100.00%	1.70	5.50	4.05	5.55	0.50	3.50	4.20
1.25	146960	146960	100.00%	1.70	5.50	4.05	5.55	0.50	3.50	4.20
1.30	146960	146960	100.00%	1.70	5.50	4.05	5.55	0.50	3.50	4.20
1.35	146960	146960	100.00%	1.70	5.50	4.05	5.55	0.50	3.50	4.20
1.40	146960	146960	100.00%	1.70	5.50	4.05	5.55	0.50	3.50	4.20
1.45	146960	146960	100.00%	1.70	5.50	4.05	5.55	0.50	3.50	4.20
1.50	146960	146960	100.00%	1.70	5.50	4.05	5.55	0.50	3.50	4.20
1.55	146960	146960	100.00%	1.70	5.50	4.05	5.55	0.50	3.50	4.20
1.60	146960	146960	100.00%	1.70	5.50	4.05	5.55	0.50	3.50	4.20
1.65	146960	146960	100.00%	1.70	5.50	4.05	5.55	0.50	3.50	4.20
1.70	146960	146960	100.00%	1.70	5.50	4.05	5.55	0.50	3.50	4.20
1.75	146960	146960	100.00%	1.70	5.50	4.05	5.55	0.50	3.50	4.20
1.80	146960	146960	100.00%	1.70	5.50	4.05	5.55	0.50	3.50	4.20
1.85	146960	146960	100.00%	1.70	5.50	4.05	5.55	0.50	3.50	4.20
1.90	146960	146960	100.00%	1.70	5.50	4.05	5.55	0.50	3.50	4.20
1.95	146960	146960	100.00%	1.70	5.50	4.05	5.55	0.50	3.50	4.20
2.00	146960	146960	100.00%	1.70	5.50	4.05	5.55	0.50	3.50	4.20
2.05	146960	146960	100.00%	1.70	5.50	4.05	5.55	0.50	3.50	4.20
2.10	146960	146960	100.00%	1.70	5.50	4.05	5.55	0.50	3.50	4.20
2.15	146960	146960	100.00%	1.70	5.50	4.05	5.55	0.50	3.50	4.20
2.20	146960	146960	100.00%	1.70	5.50	4.05	5.55	0.50	3.50	4.20
2.25	146960	146960	100.00%	1.70	5.50	4.05	5.55	0.50	3.50	4.20
2.30	146960	146960	100.00%	1.70	5.50	4.05	5.55	0.50	3.50	4.20
2.35	146960	146960	100.00%	1.70	5.50	4.05	5.55	0.50	3.50	4.20
2.40	146960	146960	100.00%	1.70	5.50	4.05	5.55	0.50	3.50	4.20
2.45	146960	146960	100.00%	1.70	5.50	4.05	5.55	0.50	3.50	4.20
2.50	146960	146960	100.00%	1.70	5.50	4.05	5.55	0.50	3.50	4.20
2.55	146960	146960	100.00%	1.70	5.50	4.05	5.55	0.50	3.50	4.20
2.60	146960	146960	100.00%	1.70	5.50	4.05	5.55	0.50	3.50	4.20
2.65	146960	146960	100.00%	1.70	5.50	4.05	5.55	0.50	3.50	4.20
2.70	146960	146960	100.00%	1.70	5.50	4.05	5.55	0.50	3.50	4.20
2.75	146960	146960	100.00%	1.70	5.50	4.05	5.55	0.50	3.50	4.20
2.80	146960	146960	100.00%	1.70	5.50	4.05	5.55	0.50	3.50	4.20
2.85	146960	146960	100.00%	1.70	5.50	4.05	5.55	0.50	3.50	4.20
2.90	146960	146960	100.00%	1.70	5.50	4.05	5.55	0.50	3.50	4.20
2.95	146960	146960	100.00%	1.70	5.50	4.05	5.55	0.50	3.50	4.20
3.00	146960	146960	100.00%	1.70	5.50	4.05	5.55	0.50	3.50	4.20
3.05	146960	146960	100.00%	1.70	5.50	4.05	5.55	0.50	3.50	4.20
3.10	146960	146960	100.00%	1.70	5.50	4.05	5.55	0.50	3.50	4.20
3.15	146960	146960	100.00%	1.70	5.50	4.05	5.55	0.50	3.50	4.20
3.20	146960	146960	100.00%	1.70	5.50	4.05	5.55	0.50	3.50	4.20
3.25	146960	146960	100.00%	1.70	5.50	4.05	5.55	0.50	3.50	4.20
3.30	146960	146960	100.00%	1.70	5.50	4.05	5.55	0.50	3.50	4.20
3.35	146960	146960	100.00%	1.70	5.50	4.05	5.55	0.50	3.50	4.20
3.40	146960	146960	100.00%	1.70	5.50	4.05	5.55	0.50	3.50	4.20
3.45	146960	146960	100.00%	1.70	5.50	4.05	5.55	0.50	3.50	4.20
3.50	146960	146960	100.00%	1.70	5.50	4.05	5.55	0.50	3.50	4.20
3.55	146960	146960	100.00%	1.70	5.50	4.05	5.55	0.50	3.50	4.20
3.60	146960	146960	100.00%	1.70	5.50	4.05	5.55	0.50	3.50	4.20
3.65	146960	146960	100.00%	1.70	5.50	4.05	5.55	0.50	3.50	4.20
3.70	146960	146960	100.00%	1.70	5.50	4.05	5.55	0.50	3.50	4.20
3.75	146960	146960	100.00%	1.70	5.50	4.05	5.55	0.50	3.50	4.20
3.80	146960	146960	100.00%	1.70	5.50	4.05	5.55	0.50	3.50	4.20
3.85	146960	146960	100.00%	1.70	5.50	4.05	5.55	0.50	3.50	4.20
3.90	146960	146960	100.00%	1.70	5.50	4.05	5.55	0.50	3.50	4.20
3.95	146960	146960	100.00%	1.70	5.50	4.05	5.55	0.50	3.50	4.20
4.00	146960	146960	100.00%	1.70	5.50	4.05	5.55	0.50	3.50	4.20
4.05	146960	146960	100.00%	1.70	5.50	4.05	5.55	0.50	3.50	4.20
4.10	146960	146960	100.00%	1.70	5.50	4.05	5.55	0.50	3.50	4.20
4.15	146960	146960	100.00%	1.70	5.50	4.05	5.55	0.50	3.50	4.20
4.20	146960	146960	100.00%	1.70	5.50	4.05	5.55	0.50	3.50	4.20
4.25	146960	146960	100.00%	1.70	5.50	4.05	5.55	0.50	3.50	4.20
4.30	146960	146960	100.00%	1.70	5.50	4.05	5.55	0.50	3.50	4.20
4.35	146960	146960	100.00%	1.70	5.50	4.05	5.55	0.50	3.50	4.20
4.40	146960	146960	100.00%	1.70	5.50	4.05	5.55	0.50	3.50	4.20
4.45	146960	146960	100.00%	1.70	5.50	4.05	5.55	0.50	3.50	4.20
4.50	146960	146960	100.00%	1.70	5.50	4.05	5.55	0.50	3.50	4.20
4.55	146960	146960	100.00%	1.70	5.50	4.05	5.55	0.50	3.50	4.20
4.60	146960	146960	100.00%	1.70	5.50	4.05	5.55	0.50	3.50	4.20
4.65	146960	146960	100.00%	1.70	5.50	4.05	5.55	0.50	3.50	4.20
4.70	146960	146960	100.00%	1.70	5.50	4.05	5.55	0.50	3.50	4.20
4.75	146960	146960	100.00%	1.70	5.50	4.05	5.55	0.50	3.50	4.20
4.80	146960	146960	100.00%	1.70	5.50	4.05	5.55	0.50	3.50	4.20
4.85	146960	146960	100.00%	1.70	5.50	4.05	5.55	0.50	3.50	4.20
4.90	146960	146960	100.00%	1.70	5.50	4.05	5.55	0.50	3.50	4.20
4.95	146960	146960	100.00%	1.70	5.50	4.05	5.55	0.50	3.50	4.20
5.00	146960	146960	100.00%	1.70	5.50	4.05	5.55	0.50	3.50	4.20
5.05	146960	146960	100.00%	1.70	5.50	4.05	5.55	0.50	3.50	4.20
5.10	146960	146960	100.00%	1.70	5.50	4.05	5.55	0.50	3.50	4.20
5.15	146960	146960	100.00%	1.70	5.50	4.05	5.55	0.50	3.50	4.20
5.20	146960	146960	100.00%	1.70	5.50	4.05	5.55	0.50	3.50	4.20
5.25	146960	146960	100.00%	1.70	5.50	4.05	5.55	0.50	3.50	4.20
5.30	146960	146960	100.00%	1.70	5.50	4.05	5.55	0.50	3.50	4.20
5.35	146960	146960	100.00%	1.70	5.50	4.05	5.55	0.50	3.50	4.20
5.40	146960	146960	100.00%	1.70	5.50	4.05	5.55	0.50	3.50	4.20
5.45	146960	146960	100.00%	1.70	5.50	4.05	5.55	0.50	3.50	4.20
5.50	146960	146960	100.00%	1.70	5.50	4.05	5.55	0.50	3.50	4.20
5.55	146959	146960	100.00%	5.50	5.80	4.05	5.55	2.90	4.95	4.20
5.60	146959	146960	100.00%	5.50	5.80	4.05	5.55	2.90	4.95	4.20
5.65	146959	146960	100.00%	5.50	5.80	4.05	5.55	2.90	4.95	4.20
5.70	146959	146960	100.00%	5.50	5.80	4.05	5.55	2.90	4.95	4.20
5.75	146959	146960	100.00%	5.50	5.80	4.05	5.55	2.90	4.95	4.20
5.80	146959	146960	100.00%	5.50	5.80	4.05	5.55	2.90	4.95	4.20
5.85	146958	146960	100.00%	6.10	6.30	5.50	5.55	3.95	5.70	4.20
5.90	146958	146960	100.00%	6.10	6.30	5.50	5.55	3.95	5.70	4.20
5.95	146958	146960	100.00%	6.10	6.30	5.50	5.55	3.95	5.70	4.20
6.00	146958	146960	100.00%	6.10	6.30	5.50	5.55	3.95	5.70	4.20
6.05	146958	146960	100.00%	6.10	6.30	5.50	5.55	3.95	5.70	4.20
6.10	146958	146960	100.00%	6.10	6.30	5.50	5.55	3.95	5.70	4.20
6.15	146958	146960	100.00%	6.10	6.30	5.50	5.55	3.95	5.70	4.20
6.20	146958	146960	100.00%	6.10	6.30	5.50	5.55	3.95	5.70	4.20
6.25	146958	146960	100.00%	6.10	6.30	5.50	5.55	3.95	5.70	4.20
6.30	146958	146960	100.00%	6.10	6.30	5.50	5.55	3.95	5.70	4.20
6.35	146957	146960	100.00%	6.15	6.35	5.50	5.55	4.35	6.10	4.20
6.40	146956	146960	100.00%	6.15	6.45	5.50	5.55	4.80	6.45	5.15
6.45	146956	146960	100.00%	6.15	6.45	5.50	5.55	4.80	6.45	5.15
6.50	146955	146960	100.00%	6.45	6.50	5.70	5.55	4.95	6.50	5.15
6.55	146954	146960	100.00%	6.50	6.85	5.70	5.55	5.10	6.70	5.15
6.60	146954	146960	100.00%	6.50	6.85	5.70	5.55	5.10	6.70	5.15
6.65	146954	146960	100.00%	6.50	6.85	5.70	5.55	5.10	6.70	5.15
6.70	146954	146960	100.00%	6.50	6.85	5.70	5.55	5.10	6.70	5.15
6.75	146954	146960	100.00%	6.50	6.85	5.70	5.55	5.10	6.70	5.15
6.80	146954	146960	100.00%	6.50	6.85	5.70	5.55	5.10	6.70	5.15
6.85	146954	146960	100.00%	6.50	6.85	5.70	5.55	5.10	6.70	5.15
6.90	146953	146960	100.00%	6.50	6.95	5.70	5.55	5.20	6.75	5.15
6.95	146953	146960	100.00%	6.50	6.95	5.70	5.55	5.20	6.75	5.15
7.00	146952	146960	99.99%	6.50	7.10	5.70	5.55	5.20	6.85	5.15
7.05	146952	146960	99.99%	6.50	7.10	5.70	5.55	5.20	6.85	5.15
7.10	146952	146960	99.99%	6.50	7.10	5.70	5.55	5.20	6.85	5.15
7.15	146949	146960	99.99%	6.70	7.20	6.00	5.55	5.70	7.20	5.80
7.20	146949	146960	99.99%	6.70	7.20	6.00	5.55	5.70	7.20	5.80
7.25	146947	146960	99.99%	6.75	7.30	6.10	5.55	5.80	7.35	5.80
7.30	146947	146960	99.99%	6.75	7.30	6.10	5.55	5.80	7.35	5.80
7.35	146946	146960	99.99%	6.80	7.35	6.10	5.55	5.85	7.50	5.80
7.40	146943	146960	99.99%	6.95	7.40	6.15	5.55	5.95	7.60	5.95
7.45	146942	146960	99.99%	7.00	7.45	6.15	5.80	5.95	7.60	5.95
7.50	146938	146960	99.99%	7.05	7.50	6.25	5.80	6.10	7.85	6.30
7.55	146937	146960	99.98%	7.15	7.60	6.25	5.80	6.10	7.85	6.30
7.60	146937	146960	99.98%	7.15	7.60	6.25	5.80	6.10	7.85	6.30
7.65	146934	146960	99.98%	7.20	7.65	6.25	5.80	6.15	8.00	6.30
7.70	146933	146960	99.98%	7.20	7.70	6.25	5.80	6.20	8.00	6.30
7.75	146929	146960	99.98%	7.20	7.75	6.35	5.80	6.30	8.10	6.45
7.80	146927	146960	99.98%	7.25	7.80	6.40	5.80	6.30	8.20	6.45
7.85	146923	146960	99.97%	7.30	7.85	6.45	5.80	6.35	8.25	6.55
7.90	146917	146960	99.97%	7.40	7.95	6.70	5.80	6.45	8.50	6.70
7.95	146917	146960	99.97%	7.40	7.95	6.70	5.80	6.45	8.50	6.70
8.00	146913	146960	99.97%	7.40	8.00	6.75	5.80	6.55	8.60	6.80
8.05	146912	146960	99.97%	7.45	8.05	6.80	5.80	6.55	8.60	6.80
8.10	146908	146960	99.96%	7.50	8.10	6.80	5.80	6.65	8.75	6.80
8.15	146902	146960	99.96%	7.55	8.15	6.90	6.30	6.70	8.85	6.85
8.20	146901	146960	99.96%	7.60	8.20	6.90	6.30	6.75	8.85	6.85
8.25	146895	146960	99.96%	7.65	8.25	6.95	6.30	6.85	8.95	6.90
8.30	146890	146960	99.95%	7.70	8.30	6.95	6.30	6.90	9.00	6.95
8.35	146883	146960	99.95%	7.75	8.35	7.10	6.30	6.95	9.10	6.95
8.40	146874	146960	99.94%	7.85	8.40	7.15	6.30	7.10	9.10	7.00
8.45	146869	146960	99.94%	7.95	8.45	7.15	6.60	7.10	9.25	7.05
8.50	146858	146960	99.93%	7.95	8.50	7.20	6.60	7.20	9.35	7.15
8.55	146856	146960	99.93%	7.95	8.55	7.25	6.60	7.25	9.35	7.15
8.60	146850	146960	99.93%	8.05	8.60	7.30	6.60	7.30	9.35	7.35
8.65	146829	146960	99.91%	8.15	8.65	7.40	6.65	7.40	9.50	7.45
8.70	146828	146960	99.91%	8.15	8.70	7.40	6.65	7.40	9.55	7.45
8.75	146814	146960	99.90%	8.20	8.75	7.45	6.65	7.45	9.60	7.45
8.80	146808	146960	99.90%	8.20	8.80	7.45	6.65	7.50	9.70	7.45
8.85	146798	146960	99.89%	8.30	8.85	7.45	7.20	7.60	9.70	7.55
8.90	146781	146960	99.88%	8.35	8.90	7.55	7.20	7.65	9.80	7.60
8.95	146779	146960	99.88%	8.35	8.95	7.55	7.20	7.65	9.85	7.60
9.00	146768	146960	99.87%	8.40	9.00	7.60	7.30	7.70	9.85	7.70
9.05	146761	146960	99.86%	8.45	9.05	7.65	7.30	7.75	9.85	7.85
9.10	146754	146960	99.86%	8.45	9.10	7.65	7.30	7.80	9.95	7.85
9.15	146735	146960	99.85%	8.55	9.15	7.70	7.30	7.85	10.00	7.90
9.20	146732	146960	99.84%	8.55	9.20	7.70	7.35	7.90	10.05	7.95
9.25	146716	146960	99.83%	8.65	9.25	7.75	7.35	7.95	10.10	7.95
9.30	146705	146960	99.83%	8.70	9.30	7.80	7.35	8.00	10.10	7.95
9.35	146693	146960	99.82%	8.70	9.35	7.85	7.45	8.05	10.20	8.00
9.40	146666	146960	99.80%	8.80	9.45	7.95	7.45	8.15	10.25	8.10
9.45	146666	146960	99.80%	8.80	9.45	7.95	7.45	8.15	10.25	8.10
9.50	146643	146960	99.78%	8.90	9.50	7.95	7.55	8.20	10.35	8.15
9.55	146628	146960	99.77%	8.95	9.55	8.05	7.70	8.30	10.35	8.20
9.60	146618	146960	99.77%	8.95	9.60	8.05	7.70	8.30	10.35	8.25
9.65	146573	146960	99.74%	9.05	9.70	8.15	7.85	8.40	10.50	8.35
9.70	146573	146960	99.74%	9.05	9.70	8.15	7.85	8.40	10.50	8.35
9.75	146543	146960	99.72%	9.10	9.75	8.20	7.85	8.45	10.60	8.40
9.80	146510	146960	99.69%	9.20	9.80	8.25	7.90	8.55	10.70	8.50
9.85	146501	146960	99.69%	9.20	9.85	8.25	7.90	8.60	10.70	8.50
9.90	146455	146960	99.66%	9.25	9.90	8.30	8.10	8.70	10.75	8.60
9.95	146453	146960	99.66%	9.25	9.95	8.30	8.10	8.70	10.75	8.60
10.00	146409	146960	99.63%	9.35	10.00	8.35	8.20	8.75	10.85	8.70
10.05	146373	146960	99.60%	9.40	10.05	8.40	8.20	8.85	10.95	8.70
10.10	146359	146960	99.59%	9.45	10.10	8.40	8.20	8.85	11.00	8.70
10.15	146280	146960	99.54%	9.55	10.15	8.55	8.30	9.00	11.10	8.85
10.20	146278	146960	99.54%	9.55	10.20	8.55	8.30	9.00	11.10	8.85
10.25	146222	146960	99.50%	9.60	10.25	8.55	8.30	9.10	11.10	8.85
10.30	146178	146960	99.47%	9.70	10.30	8.60	8.35	9.15	11.25	8.95
10.35	146159	146960	99.45%	9.70	10.35	8.65	8.50	9.20	11.25	8.95
10.40	146064	146960	99.39%	9.80	10.45	8.80	8.65	9.30	11.35	9.10
10.45	146064	146960	99.39%	9.80	10.45	8.80	8.65	9.30	11.35	9.10
10.50	146003	146960	99.35%	9.85	10.50	8.85	8.70	9.35	11.45	9.10
10.55	145941	146960	99.31%	9.95	10.55	8.95	8.75	9.45	11.50	9.20
10.60	145924	146960	99.30%	9.95	10.60	8.95	8.75	9.45	11.50	9.25
10.65	145816	146960	99.22%	10.05	10.65	9.05	8.80	9.60	11.60	9.35
10.70	145810	146960	99.22%	10.05	10.70	9.05	8.80	9.60	11.60	9.35
10.75	145739	146960	99.17%	10.10	10.75	9.10	8.80	9.70	11.70	9.35
10.80	145657	146960	99.11%	10.20	10.80	9.20	8.85	9.75	11.75	9.50
10.85	145641	146960	99.10%	10.20	10.85	9.20	8.85	9.80	11.75	9.55
10.90	145502	146960	99.01%	10.30	10.90	9.30	8.95	9.95	11.85	9.60
10.95	145494	146960	99.00%	10.30	10.95	9.30	8.95	9.95	11.85	9.60
11.00	145414	146960	98.95%	10.35	11.00	9.35	9.00	10.00	11.95	9.70
11.05	145313	146960	98.88%	10.45	11.05	9.45	9.00	10.10	12.00	9.75
11.10	145285	146960	98.86%	10.45	11.10	9.45	9.00	10.10	12.00	9.75
11.15	145138	146960	98.76%	10.55	11.15	9.50	9.10	10.20	12.10	9.85
11.20	145134	146960	98.76%	10.55	11.20	9.50	9.10	10.20	12.10	9.85
11.25	145038	146960	98.69%	10.60	11.25	9.55	9.10	10.30	12.25	9.95
11.30	144900	146960	98.60%	10.70	11.30	9.65	9.25	10.35	12.25	10.00
11.35	144869	146960	98.58%	10.70	11.35	9.65	9.25	10.45	12.25	10.00
11.40	144675	146960	98.45%	10.80	11.40	9.75	9.35	10.55	12.35	10.20
11.45	144671	146960	98.44%	10.80	11.45	9.75	9.35	10.55	12.35	10.20
11.50	144568	146960	98.37%	10.85	11.50	9.80	9.35	10.60	12.50	10.20
11.55	144365	146960	98.23%	10.95	11.55	9.90	9.45	10.70	12.50	10.30
11.60	144331	146960	98.21%	10.95	11.60	9.95	9.45	10.75	12.50	10.30
11.65	144124	146960	98.07%	11.05	11.65	10.00	9.50	10.85	12.60	10.35
11.70	144119	146960	98.07%	11.05	11.70	10.00	9.50	10.85	12.60	10.35
11.75	144010	146960	97.99%	11.10	11.75	10.05	9.55	10.90	12.70	10.45
11.80	143796	146960	97.85%	11.20	11.80	10.10	9.60	11.00	12.75	10.50
11.85	143772	146960	97.83%	11.20	11.85	10.10	9.60	11.00	12.75	10.50
11.90	143517	146960	97.66%	11.30	11.90	10.20	9.60	11.10	12.85	10.60
11.95	143514	146960	97.66%	11.30	11.95	10.20	9.60	11.10	12.85	10.60
12.00	143372	146960	97.56%	11.35	12.00	10.30	9.70	11.20	12.95	10.70
12.05	143148	146960	97.41%	11.45	12.05	10.35	9.80	11.30	13.00	10.75
12.10	143113	146960	97.38%	11.45	12.10	10.35	9.80	11.35	13.00	10.75
12.15	142790	146960	97.16%	11.60	12.15	10.45	9.85	11.45	13.10	10.85
12.20	142787	146960	97.16%	11.60	12.20	10.45	9.85	11.45	13.10	10.85
12.25	142630	146960	97.05%	11.60	12.25	10.55	9.95	11.50	13.10	10.95
12.30	142334	146960	96.85%	11.70	12.30	10.60	9.95	11.60	13.25	11.00
12.35	142298	146960	96.83%	11.70	12.35	10.65	9.95	11.60	13.25	11.00
12.40	141938	146960	96.58%	11.85	12.40	10.75	10.10	11.75	13.35	11.10
12.45	141931	146960	96.58%	11.85	12.45	10.75	10.10	11.75	13.35	11.10
12.50	141775	146960	96.47%	11.85	12.50	10.80	10.20	11.85	13.35	11.20
12.55	141417	146960	96.23%	11.95	12.55	10.85	10.20	11.95	13.50	11.25
12.60	141382	146960	96.20%	11.95	12.60	10.90	10.20	11.95	13.50	11.25
12.65	140981	146960	95.93%	12.10	12.65	10.95	10.25	12.10	13.50	11.35
12.70	140979	146960	95.93%	12.10	12.70	10.95	10.25	12.10	13.50	11.35
12.75	140817	146960	95.82%	12.10	12.75	11.00	10.35	12.10	13.60	11.35
12.80	140385	146960	95.53%	12.25	12.80	11.10	10.40	12.25	13.75	11.50
12.85	140339	146960	95.49%	12.25	12.85	11.10	10.45	12.25	13.75	11.50
12.90	139847	146960	95.16%	12.35	12.90	11.20	10.50	12.40	13.75	11.60
12.95	139846	146960	95.16%	12.35	12.95	11.20	10.50	12.40	13.75	11.60
13.00	139649	146960	95.03%	12.45	13.00	11.30	10.55	12.45	13.85	11.60
13.05	139164	146960	94.70%	12.50	13.05	11.35	10.60	12.60	13.95	11.75
13.10	139123	146960	94.67%	12.55	13.10	11.35	10.60	12.60	13.95	11.75
13.15	138620	146960	94.32%	12.60	13.15	11.45	10.70	12.70	14.00	11.85
13.20	138617	146960	94.32%	12.60	13.20	11.45	10.70	12.70	14.00	11.85
13.25	138409	146960	94.18%	12.70	13.25	11.50	10.75	12.75	14.00	11.85
13.30	137813	146960	93.78%	12.80	13.30	11.60	10.85	12.85	14.10	12.00
13.35	137774	146960	93.75%	12.80	13.35	11.60	10.85	12.90	14.10	12.00
13.40	137172	146960	93.34%	12.95	13.40	11.75	10.90	13.05	14.25	12.10
13.45	137169	146960	93.34%	12.95	13.45	11.75	10.90	13.05	14.25	12.10
13.50	136919	146960	93.17%	12.95	13.50	11.80	10.95	13.10	14.25	12.10
13.55	136264	146960	92.72%	13.10	13.55	11.95	11.00	13.25	14.35	12.25
13.60	136230	146960	92.70%	13.10	13.60	11.95	11.00	13.25	14.35	12.25
13.65	135594	146960	92.27%	13.20	13.65	12.00	11.10	13.35	14.50	12.35
13.70	135592	146960	92.26%	13.20	13.70	12.00	11.10	13.35	14.50	12.35
13.75	135368	146960	92.11%	13.20	13.75	12.05	11.10	13.40	14.50	12.40
13.80	134692	146960	91.65%	13.35	13.80	12.15	11.25	13.55	14.60	12.50
13.85	134658	146960	91.63%	13.35	13.85	12.20	11.25	13.55	14.60	12.50
13.90	133952	146960	91.15%	13.45	13.90	12.25	11.35	13.70	14.70	12.60
13.95	133951	146960	91.15%	13.45	13.95	12.25	11.35	13.70	14.70	12.60
14.00	133714	146960	90.99%	13.50	14.00	12.30	11.35	13.70	14.75	12.70
14.05	132835	146960	90.39%	13.60	14.05	12.45	11.45	13.85	14.75	12.75
14.10	132806	146960	90.37%	13.60	14.10	12.45	11.45	13.85	14.75	12.75
14.15	132062	146960	89.86%	13.70	14.15	12.50	11.55	14.00	14.85	12.85
14.20	132060	146960	89.86%	13.70	14.20	12.50	11.55	14.00	14.85	12.85
14.25	131813	146960	89.69%	13.75	14.25	12.55	11.60	14.05	14.95	12.85
14.30	130957	146960	89.11%	13.85	14.30	12.65	11.60	14.20	15.00	13.00
14.35	130917	146960	89.08%	13.85	14.35	12.70	11.60	14.20	15.00	13.00
14.40	130120	146960	88.54%	14.00	14.45	12.75	11.70	14.30	15.10	13.10
14.45	130120	146960	88.54%	14.00	14.45	12.75	11.70	14.30	15.10	13.10
14.50	129874	146960	88.37%	14.00	14.50	12.80	11.75	14.35	15.10	13.10
14.55	128865	146960	87.69%	14.10	14.55	12.95	11.85	14.50	15.25	13.25
14.60	128825	146960	87.66%	14.15	14.60	12.95	11.85	14.50	15.25	13.25
14.65	127923	146960	87.05%	14.25	14.65	13.05	11.85	14.60	15.25	13.35
14.70	127921	146960	87.04%	14.25	14.70	13.05	11.85	14.60	15.25	13.35
14.75	127677	146960	86.88%	14.30	14.75	13.10	11.95	14.60	15.25	13.35
14.80	126531	146960	86.10%	14.45	14.80	13.20	12.00	14.80	15.50	13.45
14.85	126495	146960	86.07%	14.45	14.85	13.20	12.00	14.85	15.50	13.45
14.90	125601	146960	85.47%	14.55	14.90	13.35	12.10	14.95	15.50	13.50
14.95	125600	146960	85.47%	14.55	14.95	13.35	12.10	14.95	15.50	13.50
15.00	125305	146960	85.26%	14.60	15.00	13.35	12.10	14.95	15.50	13.60
15.05	124061	146960	84.42%	14.75	15.05	13.45	12.20	15.10	15.60	13.70
15.10	124034	146960	84.40%	14.75	15.10	13.45	12.20	15.10	15.60	13.70
15.15	123053	146960	83.73%	14.85	15.15	13.60	12.25	15.25	15.75	13.75
15.20	123052	146960	83.73%	14.85	15.20	13.60	12.25	15.25	15.75	13.75
15.25	122777	146960	83.54%	14.85	15.25	13.60	12.30	15.25	15.75	13.75
15.30	121390	146960	82.60%	15.00	15.30	13.75	12.35	15.45	15.75	13.95
15.35	121358	146960	82.58%	15.00	15.35	13.75	12.35	15.45	15.75	13.95
15.40	120426	146960	81.94%	15.10	15.45	13.85	12.45	15.55	15.85	14.00
15.45	120426	146960	81.94%	15.10	15.45	13.85	12.45	15.55	15.85	14.00
15.50	120163	146960	81.77%	15.10	15.50	13.85	12.50	15.60	16.00	14.00
15.55	118750	146960	80.80%	15.30	15.55	14.05	12.60	15.75	16.00	14.10
15.60	118716	146960	80.78%	15.30	15.60	14.05	12.60	15.75	16.00	14.10
15.65	117642	146960	80.05%	15.40	15.70	14.15	12.60	15.85	16.10	14.25
15.70	117642	146960	80.05%	15.40	15.70	14.15	12.60	15.85	16.10	14.25
15.75	117378	146960	79.87%	15.45	15.75	14.20	12.70	15.85	16.10	14.25
15.80	115783	146960	78.79%	15.60	15.80	14.35	12.75	16.10	16.25	14.35
15.85	115752	146960	78.76%	15.60	15.85	14.35	12.75	16.10	16.25	14.35
15.90	114639	146960	78.01%	15.70	15.90	14.45	12.85	16.20	16.25	14.50
15.95	114638	146960	78.01%	15.70	15.95	14.45	12.85	16.20	16.25	14.50
16.00	114360	146960	77.82%	15.75	16.00	14.45	12.85	16.20	16.25	14.50
16.05	112699	146960	76.69%	15.85	16.05	14.60	13.00	16.35	16.50	14.60
16.10	112676	146960	76.67%	15.85	16.10	14.60	13.00	16.35	16.50	14.60
16.15	111623	146960	75.95%	16.00	16.20	14.75	13.05	16.50	16.50	14.75
16.20	111623	146960	75.95%	16.00	16.20	14.75	13.05	16.50	16.50	14.75
16.25	111379	146960	75.79%	16.00	16.25	14.75	13.10	16.50	16.50	14.75
16.30	109659	146960	74.62%	16.20	16.30	14.95	13.20	16.70	16.60	14.85
16.35	109631	146960	74.60%	16.20	16.35	14.95	13.20	16.70	16.60	14.85
16.40	108576	146960	73.88%	16.25	16.40	15.00	13.25	16.80	16.75	14.95
16.45	108573	146960	73.88%	16.25	16.45	15.00	13.25	16.80	16.75	14.95
16.50	108328	146960	73.71%	16.30	16.50	15.05	13.25	16.85	16.75	15.00
16.55	106431	146960	72.42%	16.45	16.55	15.20	13.35	17.00	16.75	15.10
16.60	106415	146960	72.41%	16.50	16.60	15.20	13.35	17.00	16.75	15.10
16.65	105291	146960	71.65%	16.60	16.70	15.35	13.50	17.10	16.85	15.20
16.70	105291	146960	71.65%	16.60	16.70	15.35	13.50	17.10	16.85	15.20
16.75	105054	146960	71.48%	16.60	16.75	15.35	13.50	17.10	16.85	15.20
16.80	103053	146960	70.12%	16.75	16.80	15.50	13.60	17.35	17.00	15.35
16.85	103039	146960	70.11%	16.75	16.85	15.50	13.60	17.35	17.00	15.35
16.90	101936	146960	69.36%	16.85	16.90	15.60	13.70	17.45	17.00	15.40
16.95	101934	146960	69.36%	16.85	16.95	15.60	13.70	17.45	17.00	15.45
17.00	101725	146960	69.22%	16.85	17.00	15.60	13.70	17.45	17.00	15.45
17.05	99646	146960	67.80%	17.05	17.05	15.80	13.85	17.60	17.25	15.60
17.10	99631	146960	67.79%	17.05	17.10	15.80	13.85	17.60	17.25	15.60
17.15	98491	146960	67.02%	17.10	17.20	15.85	13.95	17.75	17.25	15.70
17.20	98491	146960	67.02%	17.10	17.20	15.85	13.95	17.75	17.25	15.70
17.25	98271	146960	66.87%	17.20	17.25	15.95	13.95	17.75	17.25	15.70
17.30	96051	146960	65.36%	17.35	17.30	16.10	14.10	18.00	17.35	15.85
17.35	96035	146960	65.35%	17.35	17.35	16.10	14.10	18.00	17.35	15.85
17.40	94856	146960	64.55%	17.50	17.40	16.20	14.10	18.10	17.50	15.85
17.45	94855	146960	64.54%	17.50	17.45	16.20	14.10	18.10	17.50	15.85
17.50	94653	146960	64.41%	17.50	17.50	16.20	14.10	18.10	17.50	15.95
17.55	92354	146960	62.84%	17.70	17.55	16.35	14.30	18.25	17.50	16.05
17.60	92341	146960	62.83%	17.70	17.60	16.35	14.30	18.25	17.60	16.05
17.65	91182	146960	62.05%	17.75	17.65	16.50	14.35	18.35	17.70	16.10
17.70	91181	146960	62.04%	17.75	17.70	16.50	14.35	18.35	17.70	16.10
17.75	91008	146960	61.93%	17.75	17.75	16.50	14.35	18.35	17.75	16.20
17.80	88545	146960	60.25%	18.00	17.80	16.70	14.50	18.60	17.75	16.35
17.85	88530	146960	60.24%	18.00	17.85	16.70	14.50	18.60	17.75	16.35
17.90	87438	146960	59.50%	18.10	17.95	16.85	14.60	18.75	17.85	16.45
17.95	87438	146960	59.50%	18.10	17.95	16.85	14.60	18.75	17.85	16.45
18.00	87262	146960	59.38%	18.10	18.00	16.85	14.60	18.75	17.85	16.50
18.05	84812	146960	57.71%	18.25	18.05	17.00	14.75	18.95	18.00	16.60
18.10	84799	146960	57.70%	18.25	18.10	17.00	14.75	18.95	18.00	16.60
18.15	83708	146960	56.96%	18.35	18.20	17.10	14.85	19.00	18.00	16.70
18.20	83708	146960	56.96%	18.35	18.20	17.10	14.85	19.00	18.00	16.70
18.25	83520	146960	56.83%	18.35	18.25	17.10	14.85	19.00	18.00	16.75
18.30	80996	146960	55.11%	18.60	18.30	17.35	15.00	19.25	18.25	16.85
18.35	80982	146960	55.10%	18.60	18.35	17.35	15.00	19.25	18.25	16.85
18.40	79911	146960	54.38%	18.75	18.45	17.50	15.10	19.35	18.25	16.95
18.45	79911	146960	54.38%	18.75	18.45	17.50	15.10	19.35	18.25	16.95
18.50	79775	146960	54.28%	18.75	18.50	17.50	15.10	19.35	18.25	16.95
18.55	77188	146960	52.52%	19.00	18.55	17.70	15.25	19.60	18.35	17.10
18.60	77179	146960	52.52%	19.00	18.60	17.70	15.25	19.60	18.35	17.10
18.65	76171	146960	51.83%	19.00	18.70	17.75	15.25	19.60	18.50	17.25
18.70	76171	146960	51.83%	19.00	18.70	17.75	15.25	19.60	18.50	17.25
18.75	76027	146960	51.73%	19.00	18.75	17.85	15.25	19.70	18.50	17.25
18.80	73404	146960	49.95%	19.25	18.80	18.00	15.45	19.85	18.50	17.35
18.85	73397	146960	49.94%	19.25	18.85	18.00	15.45	19.85	18.50	17.35
18.90	72433	146960	49.29%	19.35	18.95	18.10	15.50	20.00	18.60	17.45
18.95	72433	146960	49.29%	19.35	18.95	18.10	15.50	20.00	18.60	17.45
19.00	72306	146960	49.20%	19.35	19.00	18.10	15.50	20.00	18.60	17.50
19.05	69652	146960	47.40%	19.55	19.05	18.35	15.60	20.25	18.75	17.60
19.10	69648	146960	47.39%	19.55	19.10	18.35	15.60	20.25	18.75	17.60
19.15	68631	146960	46.70%	19.60	19.20	18.50	15.75	20.25	18.75	17.75
19.20	68631	146960	46.70%	19.60	19.20	18.50	15.75	20.25	18.75	17.75
19.25	68519	146960	46.62%	19.70	19.25	18.50	15.75	20.25	18.75	17.75
19.30	65788	146960	44.77%	19.85	19.30	18.75	15.85	20.50	19.00	17.85
19.35	65783	146960	44.76%	19.85	19.35	18.75	15.85	20.50	19.00	17.85
19.40	64931	146960	44.18%	20.00	19.45	18.75	15.95	20.60	19.00	17.95
19.45	64931	146960	44.18%	20.00	19.45	18.75	15.95	20.60	19.00	17.95
19.50	64840	146960	44.12%	20.00	19.50	18.85	15.95	20.60	19.00	18.00
19.55	62113	146960	42.27%	20.25	19.55	19.10	16.10	20.85	19.10	18.10
19.60	62110	146960	42.26%	20.25	19.60	19.10	16.10	20.85	19.10	18.10
19.65	61317	146960	41.72%	20.25	19.70	19.10	16.10	20.85	19.25	18.25
19.70	61317	146960	41.72%	20.25	19.70	19.10	16.10	20.85	19.25	18.25
19.75	61237	146960	41.67%	20.25	19.75	19.10	16.10	20.85	19.25	18.25
19.80	58467	146960	39.78%	20.50	19.80	19.35	16.30	21.10	19.25	18.35
19.85	58466	146960	39.78%	20.50	19.85	19.35	16.30	21.10	19.25	18.35
19.90	57691	146960	39.26%	20.60	19.95	19.50	16.35	21.25	19.35	18.50
19.95	57691	146960	39.26%	20.60	19.95	19.50	16.35	21.25	19.35	18.50
20.00	57624	146960	39.21%	20.60	20.00	19.50	16.35	21.25	19.35	18.50
20.05	54808	146960	37.29%	20.85	20.05	19.75	16.55	21.50	19.50	18.60
20.10	54803	146960	37.29%	20.85	20.10	19.75	16.55	21.50	19.50	18.60
20.15	54048	146960	36.78%	21.00	20.20	19.85	16.60	21.50	19.50	18.75
20.20	54048	146960	36.78%	21.00	20.20	19.85	16.60	21.50	19.50	18.75
20.25	53998	146960	36.74%	21.00	20.25	19.85	16.60	21.50	19.50	18.75
20.30	51257	146960	34.88%	21.25	20.30	20.10	16.75	21.75	19.75	18.95
20.35	51256	146960	34.88%	21.25	20.35	20.10	16.75	21.75	19.75	18.95
20.40	50598	146960	34.43%	21.25	20.45	20.20	16.85	21.75	19.75	19.00
20.45	50598	146960	34.43%	21.25	20.45	20.20	16.85	21.75	19.75	19.00
20.50	50552	146960	34.40%	21.25	20.50	20.20	16.85	21.75	19.75	19.00
20.55	47852	146960	32.56%	21.50	20.55	20.50	17.00	22.00	20.00	19.25
20.60	47850	146960	32.56%	21.50	20.60	20.50	17.00	22.00	20.00	19.25
20.65	47232	146960	32.14%	21.50	20.70	20.50	17.10	22.10	20.00	19.25
20.70	47232	146960	32.14%	21.50	20.70	20.50	17.10	22.10	20.00	19.25
20.75	47189	146960	32.11%	21.60	20.75	20.50	17.10	22.10	20.00	19.25
20.80	44569	146960	30.33%	21.85	20.80	20.75	17.25	22.25	20.00	19.50
20.85	44567	146960	30.33%	21.85	20.85	20.75	17.25	22.25	20.00	19.50
20.90	44034	146960	29.96%	21.85	20.95	20.85	17.30	22.35	20.10	19.50
20.95	44034	146960	29.96%	21.85	20.95	20.85	17.30	22.35	20.10	19.50
21.00	44005	146960	29.94%	21.95	21.00	20.85	17.35	22.35	20.10	19.50
21.05	41344	146960	28.13%	22.25	21.10	21.10	17.50	22.60	20.25	19.75
21.10	41344	146960	28.13%	22.25	21.10	21.10	17.50	22.60	20.25	19.75
21.15	40837	146960	27.79%	22.25	21.20	21.25	17.50	22.75	20.25	19.75
21.20	40837	146960	27.79%	22.25	21.20	21.25	17.50	22.75	20.25	19.75
21.25	40809	146960	27.77%	22.25	21.25	21.25	17.50	22.75	20.25	19.75
21.30	38188	146960	25.99%	22.50	21.35	21.50	17.75	22.95	20.50	20.00
21.35	38188	146960	25.99%	22.50	21.35	21.50	17.75	22.95	20.50	20.00
21.40	37740	146960	25.68%	22.50	21.45	21.50	17.75	23.00	20.50	20.00
21.45	37740	146960	25.68%	22.50	21.45	21.50	17.75	23.00	20.50	20.00
21.50	37717	146960	25.66%	22.50	21.50	21.50	17.80	23.00	20.50	20.00
21.55	35234	146960	23.98%	22.75	21.60	21.85	18.00	23.25	20.75	20.25
21.60	35234	146960	23.98%	22.75	21.60	21.85	18.00	23.25	20.75	20.25
21.65	34873	146960	23.73%	22.75	21.70	22.00	18.00	23.25	20.75	20.25
21.70	34873	146960	23.73%	22.75	21.70	22.00	18.00	23.25	20.75	20.25
21.75	34856	146960	23.72%	22.75	21.75	22.00	18.00	23.25	20.75	20.25
21.80	32346	146960	22.01%	23.10	21.80	22.25	18.25	23.50	20.85	20.50
21.85	32345	146960	22.01%	23.10	21.85	22.25	18.25	23.50	20.85	20.50
21.90	32005	146960	21.78%	23.25	21.95	22.25	18.25	23.50	21.00	20.50
21.95	32005	146960	21.78%	23.25	21.95	22.25	18.25	23.50	21.00	20.50
22.00	31989	146960	21.77%	23.25	22.00	22.25	18.25	23.50	21.00	20.50
22.05	29553	146960	20.11%	23.50	22.10	22.50	18.50	23.75	21.00	20.75
22.10	29553	146960	20.11%	23.50	22.10	22.50	18.50	23.75	21.00	20.75
22.15	29259	146960	19.91%	23.50	22.20	22.60	18.55	23.75	21.00	20.75
22.20	29259	146960	19.91%	23.50	22.20	22.60	18.55	23.75	21.00	20.75
22.25	29250	146960	19.90%	23.50	22.25	22.60	18.60	23.75	21.00	20.75
22.30	26873	146960	18.29%	23.75	22.30	22.95	18.85	24.00	21.25	21.00
22.35	26872	146960	18.29%	23.75	22.35	22.95	18.85	24.00	21.25	21.00
22.40	26600	146960	18.10%	23.75	22.45	23.00	18.85	24.00	21.25	21.00
22.45	26600	146960	18.10%	23.75	22.45	23.00	18.85	24.00	21.25	21.00
22.50	26596	146960	18.10%	23.75	22.50	23.00	18.85	24.00	21.25	21.00
22.55	24245	146960	16.50%	24.00	22.60	23.25	19.10	24.25	21.50	21.25
22.60	24245	146960	16.50%	24.00	22.60	23.25	19.10	24.25	21.50	21.25
22.65	24025	146960	16.35%	24.00	22.70	23.25	19.10	24.25	21.50	21.35
22.70	24025	146960	16.35%	24.00	22.70	23.25	19.10	24.25	21.50	21.35
22.75	24013	146960	16.34%	24.00	22.75	23.25	19.10	24.25	21.50	21.35
22.80	21863	146960	14.88%	24.35	22.80	23.50	19.35	24.50	21.75	21.60
22.85	21862	146960	14.88%	24.35	22.85	23.50	19.35	24.50	21.75	21.60
22.90	21679	146960	14.75%	24.50	22.95	23.50	19.35	24.50	21.75	21.75
22.95	21679	146960	14.75%	24.50	22.95	23.50	19.35	24.50	21.75	21.75
23.00	21672	146960	14.75%	24.50	23.00	23.50	19.35	24.50	21.75	21.75
23.05	19587	146960	13.33%	24.75	23.10	23.85	19.60	24.75	22.00	22.00
23.10	19587	146960	13.33%	24.75	23.10	23.85	19.60	24.75	22.00	22.00
23.15	19425	146960	13.22%	24.75	23.20	24.00	19.60	24.75	22.00	22.00
23.20	19425	146960	13.22%	24.75	23.20	24.00	19.60	24.75	22.00	22.00
23.25	19422	146960	13.22%	24.75	23.25	24.00	19.60	24.75	22.00	22.00
23.30	17536	146960	11.93%	25.00	23.35	24.25	19.85	25.00	22.00	22.25
23.35	17536	146960	11.93%	25.00	23.35	24.25	19.85	25.00	22.00	22.25
23.40	17373	146960	11.82%	25.00	23.45	24.25	19.85	25.00	22.10	22.25
23.45	17373	146960	11.82%	25.00	23.45	24.25	19.85	25.00	22.10	22.25
23.50	17371	146960	11.82%	25.00	23.50	24.25	19.85	25.00	22.10	22.25
23.55	15480	146960	10.53%	25.25	23.60	24.50	20.10	25.25	22.25	22.50
23.60	15480	146960	10.53%	25.25	23.60	24.50	20.10	25.25	22.25	22.50
23.65	15361	146960	10.45%	25.25	23.70	24.50	20.10	25.25	22.25	22.50
23.70	15361	146960	10.45%	25.25	23.70	24.50	20.10	25.25	22.25	22.50
23.75	15360	146960	10.45%	25.25	23.75	24.50	20.10	25.25	22.25	22.50
23.80	13597	146960	9.25%	25.50	23.85	24.75	20.35	25.50	22.50	22.75
23.85	13597	146960	9.25%	25.50	23.85	24.75	20.35	25.50	22.50	22.75
23.90	13496	146960	9.18%	25.50	24.00	24.75	20.35	25.50	22.50	22.75
23.95	13496	146960	9.18%	25.50	24.00	24.75	20.35	25.50	22.50	22.75
24.00	13496	146960	9.18%	25.50	24.00	24.75	20.35	25.50	22.50	22.75
24.05	11810	146960	8.04%	25.75	24.10	25.25	20.75	25.75	22.75	23.00
24.10	11810	146960	8.04%	25.75	24.10	25.25	20.75	25.75	22.75	23.00
24.15	11734	146960	7.98%	25.75	24.20	25.25	20.75	25.75	22.75	23.00
24.20	11734	146960	7.98%	25.75	24.20	25.25	20.75	25.75	22.75	23.00
24.25	11732	146960	7.98%	25.75	24.25	25.25	20.75	25.75	22.75	23.00
24.30	10168	146960	6.92%	26.00	24.35	25.50	21.00	26.00	23.00	23.25
24.35	10168	146960	6.92%	26.00	24.35	25.50	21.00	26.00	23.00	23.25
24.40	10100	146960	6.87%	26.00	24.50	25.50	21.00	26.00	23.00	23.25
24.45	10100	146960	6.87%	26.00	24.50	25.50	21.00	26.00	23.00	23.25
24.50	10100	146960	6.87%	26.00	24.50	25.50	21.00	26.00	23.00	23.25
24.55	8710	146960	5.93%	26.25	24.60	25.75	21.35	26.25	23.25	23.50
24.60	8710	146960	5.93%	26.25	24.60	25.75	21.35	26.25	23.25	23.50
24.65	8660	146960	5.89%	26.25	24.70	25.75	21.35	26.25	23.25	23.60
24.70	8660	146960	5.89%	26.25	24.70	25.75	21.35	26.25	23.25	23.60
24.75	8659	146960	5.89%	26.25	24.75	25.75	21.35	26.25	23.25	23.60
24.80	7275	146960	4.95%	26.50	24.85	26.00	21.75	26.25	23.50	24.00
24.85	7275	146960	4.95%	26.50	24.85	26.00	21.75	26.25	23.50	24.00
24.90	7233	146960	4.92%	26.50	25.00	26.00	21.75	26.25	23.50	24.00
24.95	7233	146960	4.92%	26.50	25.00	26.00	21.75	26.25	23.50	24.00
25.00	7233	146960	4.92%	26.50	25.00	26.00	21.75	26.25	23.50	24.00
25.05	6085	146960	4.14%	26.75	25.10	26.25	22.00	26.50	23.75	24.25
25.10	6085	146960	4.14%	26.75	25.10	26.25	22.00	26.50	23.75	24.25
25.15	6056	146960	4.12%	26.75	25.25	26.25	22.00	26.50	23.75	24.25
25.20	6056	146960	4.12%	26.75	25.25	26.25	22.00	26.50	23.75	24.25
25.25	6056	146960	4.12%	26.75	25.25	26.25	22.00	26.50	23.75	24.25
25.30	5101	146960	3.47%	27.00	25.35	26.50	22.35	26.75	24.00	24.50
25.35	5101	146960	3.47%	27.00	25.35	26.50	22.35	26.75	24.00	24.50
25.40	5082	146960	3.46%	27.00	25.50	26.50	22.35	26.75	24.00	24.50
25.45	5082	146960	3.46%	27.00	25.50	26.50	22.35	26.75	24.00	24.50
25.50	5082	146960	3.46%	27.00	25.50	26.50	22.35	26.75	24.00	24.50
25.55	4171	146960	2.84%	27.25	25.60	26.75	22.75	27.00	24.25	24.75
25.60	4171	146960	2.84%	27.25	25.60	26.75	22.75	27.00	24.25	24.75
25.65	4155	146960	2.83%	27.25	25.75	26.75	22.75	27.00	24.25	24.75
25.70	4155	146960	2.83%	27.25	25.75	26.75	22.75	27.00	24.25	24.75
25.75	4155	146960	2.83%	27.25	25.75	26.75	22.75	27.00	24.25	24.75
25.80	3354	146960	2.28%	27.50	25.85	27.00	23.25	27.25	24.50	25.00
25.85	3354	146960	2.28%	27.50	25.85	27.00	23.25	27.25	24.50	25.00
25.90	3338	146960	2.27%	27.50	26.00	27.00	23.25	27.25	24.50	25.00
25.95	3338	146960	2.27%	27.50	26.00	27.00	23.25	27.25	24.50	25.00
26.00	3338	146960	2.27%	27.50	26.00	27.00	23.25	27.25	24.50	25.00
26.05	2654	146960	1.81%	27.75	26.10	27.00	23.50	27.25	24.75	25.25
26.10	2654	146960	1.81%	27.75	26.10	27.00	23.50	27.25	24.75	25.25
26.15	2644	146960	1.80%	27.75	26.25	27.00	23.50	27.25	24.75	25.25
26.20	2644	146960	1.80%	27.75	26.25	27.00	23.50	27.25	24.75	25.25
26.25	2644	146960	1.80%	27.75	26.25	27.00	23.50	27.25	24.75	25.25
26.30	2071	146960	1.41%	28.00	26.35	27.25	24.00	27.50	25.00	25.50
26.35	2071	146960	1.41%	28.00	26.35	27.25	24.00	27.50	25.00	25.50
26.40	2067	146960	1.41%	28.00	26.50	27.25	24.00	27.50	25.00	25.50
26.45	2067	146960	1.41%	28.00	26.50	27.25	24.00	27.50	25.00	25.50
26.50	2067	146960	1.41%	28.00	26.50	27.25	24.00	27.50	25.00	25.50
26.55	1580	146960	1.08%	28.00	26.60	27.50	24.25	27.75	25.25	25.75
26.60	1580	146960	1.08%	28.00	26.60	27.50	24.25	27.75	25.25	25.75
26.65	1574	146960	1.07%	28.00	26.75	27.50	24.25	27.75	25.25	25.75
26.70	1574	146960	1.07%	28.00	26.75	27.50	24.25	27.75	25.25	25.75
26.75	1574	146960	1.07%	28.00	26.75	27.50	24.25	27.75	25.25	25.75
26.80	1160	146960	0.79%	28.25	26.85	27.75	24.50	28.00	25.50	26.00
26.85	1160	146960	0.79%	28.25	26.85	27.75	24.50	28.00	25.50	26.00
26.90	1157	146960	0.79%	28.25	27.00	27.75	24.50	28.00	25.50	26.00
26.95	1157	146960	0.79%	28.25	27.00	27.75	24.50	28.00	25.50	26.00
27.00	1157	146960	0.79%	28.25	27.00	27.75	24.50	28.00	25.50	26.00
27.05	832	146960	0.57%	28.50	27.10	28.00	25.00	28.00	25.75	26.25
27.10	832	146960	0.57%	28.50	27.10	28.00	25.00	28.00	25.75	26.25
27.15	831	146960	0.57%	28.50	27.25	28.00	25.00	28.00	25.75	26.25
27.20	831	146960	0.57%	28.50	27.25	28.00	25.00	28.00	25.75	26.25
27.25	831	146960	0.57%	28.50	27.25	28.00	25.00	28.00	25.75	26.25
27.30	571	146960	0.39%	28.50	27.50	28.25	25.25	28.25	26.00	26.75
27.35	571	146960	0.39%	28.50	27.50	28.25	25.25	28.25	26.00	26.75
27.40	571	146960	0.39%	28.50	27.50	28.25	25.25	28.25	26.00	26.75
27.45	571	146960	0.39%	28.50	27.50	28.25	25.25	28.25	26.00	26.75
27.50	571	146960	0.39%	28.50	27.50	28.25	25.25	28.25	26.00	26.75
27.55	399	146960	0.27%	28.75	27.60	28.25	25.50	28.25	26.25	27.00
27.60	399	146960	0.27%	28.75	27.60	28.25	25.50	28.25	26.25	27.00
27.65	398	146960	0.27%	28.75	27.75	28.25	25.50	28.25	26.25	27.00
27.70	398	146960	0.27%	28.75	27.75	28.25	25.50	28.25	26.25	27.00
27.75	398	146960	0.27%	28.75	27.75	28.25	25.50	28.25	26.25	27.00
27.80	257	146960	0.17%	29.00	28.00	28.50	25.75	28.50	26.50	27.25
27.85	257	146960	0.17%	29.00	28.00	28.50	25.75	28.50	26.50	27.25
27.90	257	146960	0.17%	29.00	28.00	28.50	25.75	28.50	26.50	27.25
27.95	257	146960	0.17%	29.00	28.00	28.50	25.75	28.50	26.50	27.25
28.00	257	146960	0.17%	29.00	28.00	28.50	25.75	28.50	26.50	27.25
28.05	161	146960	0.11%	29.25	28.25	28.75	26.00	28.75	26.75	27.50
28.10	161	146960	0.11%	29.25	28.25	28.75	26.00	28.75	26.75	27.50
28.15	161	146960	0.11%	29.25	28.25	28.75	26.00	28.75	26.75	27.50
28.20	161	146960	0.11%	29.25	28.25	28.75	26.00	28.75	26.75	27.50
28.25	161	146960	0.11%	29.25	28.25	28.75	26.00	28.75	26.75	27.50
28.30	96	146960	0.07%	29.25	28.50	29.00	26.00	28.75	27.00	28.00
28.35	96	146960	0.07%	29.25	28.50	29.00	26.00	28.75	27.00	28.00
28.40	96	146960	0.07%	29.25	28.50	29.00	26.00	28.75	27.00	28.00
28.45	96	146960	0.07%	29.25	28.50	29.00	26.00	28.75	27.00	28.00
28.50	96	146960	0.07%	29.25	28.50	29.00	26.00	28.75	27.00	28.00
28.55	52	146960	0.04%	29.50	28.60	29.00	27.00	29.00	27.25	28.25
28.60	52	146960	0.04%	29.50	28.60	29.00	27.00	29.00	27.25	28.25
28.65	51	146960	0.03%	29.50	28.75	29.00	27.00	29.00	27.25	28.25
28.70	51	146960	0.03%	29.50	28.75	29.00	27.00	29.00	27.25	28.25
28.75	51	146960	0.03%	29.50	28.75	29.00	27.00	29.00	27.25	28.25
28.80	30	146960	0.02%	29.50	29.00	29.25	27.00	29.25	27.25	28.50
28.85	30	146960	0.02%	29.50	29.00	29.25	27.00	29.25	27.25	28.50
28.90	30	146960	0.02%	29.50	29.00	29.25	27.00	29.25	27.25	28.50
28.95	30	146960	0.02%	29.50	29.00	29.25	27.00	29.25	27.25	28.50
29.00	30	146960	0.02%	29.50	29.00	29.25	27.00	29.25	27.25	28.50
29.05	13	146960	0.01%	29.75	29.25	29.50	27.00	29.25	27.50	29.00
29.10	13	146960	0.01%	29.75	29.25	29.50	27.00	29.25	27.50	29.00
29.15	13	146960	0.01%	29.75	29.25	29.50	27.00	29.25	27.50	29.00
29.20	13	146960	0.01%	29.75	29.25	29.50	27.00	29.25	27.50	29.00
29.25	13	146960	0.01%	29.75	29.25	29.50	27.00	29.25	27.50	29.00
29.30	8	146960	0.01%	29.75	29.50	29.75	27.00	29.25	27.75	29.00
29.35	8	146960	0.01%	29.75	29.50	29.75	27.00	29.25	27.75	29.00
29.40	8	146960	0.01%	29.75	29.50	29.75	27.00	29.25	27.75	29.00
29.45	8	146960	0.01%	29.75	29.50	29.75	27.00	29.25	27.75	29.00
29.50	8	146960	0.01%	29.75	29.50	29.75	27.00	29.25	27.75	29.00
29.55	1	146960	0.00%	30.00	29.75	30.00	27.00	29.50	28.50	29.00
29.60	1	146960	0.00%	30.00	29.75	30.00	27.00	29.50	28.50	29.00
29.65	1	146960	0.00%	30.00	29.75	30.00	27.00	29.50	28.50	29.00
29.70	1	146960	0.00%	30.00	29.75	30.00	27.00	29.50	28.50	29.00
29.75	1	146960	0.00%	30.00	29.75	30.00	27.00	29.50	28.50	29.00
29.80	0	146960	0.00%	30.00	29.75	30.00	27.00	29.75	29.00	29.00
29.85	0	146960	0.00%	30.00	29.75	30.00	27.00	29.75	29.00	29.00
29.90	0	146960	0.00%	30.00	29.75	30.00	27.00	29.75	29.00	29.00
29.95	0	146960	0.00%	30.00	29.75	30.00	27.00	29.75	29.00	29.00
30.00	0	146960	0.00%	30.00	29.75	30.00	27.00	29.75	29.00	29.00
