0.00	44964	44964	100.00%	1.70	5.50	4.05	5.55	0.50	3.50	4.20
0.05	44964	44964	100.00%	1.70	5.50	4.05	5.55	0.50	3.50	4.20
0.10	44964	44964	100.00%	1.70	5.50	4.05	5.55	0.50	3.50	4.20
0.15	44964	44964	100.00%	1.70	5.50	4.05	5.55	0.50	3.50	4.20
0.20	44964	44964	100.00%	1.70	5.50	4.05	5.55	0.50	3.50	4.20
0.25	44964	44964	100.00%	1.70	5.50	4.05	5.55	0.50	3.50	4.20
0.30	44964	44964	100.00%	1.70	5.50	4.05	5.55	0.50	3.50	4.20
0.35	44964	44964	100.00%	1.70	5.50	4.05	5.55	0.50	3.50	4.20
0.40	44964	44964	100.00%	1.70	5.50	4.05	5.55	0.50	3.50	4.20
0.45	44964	44964	100.00%	1.70	5.50	4.05	5.55	0.50	3.50	4.20
0.50	44964	44964	100.00%	1.70	5.50	4.05	5.55	0.50	3.50	4.20
0.55	44964	44964	100.00%	1.70	5.50	4.05	5.55	0.50	3.50	4.20
0.60	44964	44964	100.00%	1.70	5.50	4.05	5.55	0.50	3.50	4.20
0.65	44964	44964	100.00%	1.70	5.50	4.05	5.55	0.50	3.50	4.20
0.70	44964	44964	100.00%	1.70	5.50	4.05	5.55	0.50	3.50	4.20
0.75	44964	44964	100.00%	1.70	5.50	4.05	5.55	0.50	3.50	4.20
0.80	44964	44964	100.00%	1.70	5.50	4.05	5.55	0.50	3.50	4.20
0.85	44964	44964	100.00%	1.70	5.50	4.05	5.55	0.50	3.50	4.20
0.90	44964	44964	100.00%	1.70	5.50	4.05	5.55	0.50	3.50	4.20
0.95	44964	44964	100.00%	1.70	5.50	4.05	5.55	0.50	3.50	4.20
1.00	44964	44964	100.00%	1.70	5.50	4.05	5.55	0.50	3.50	4.20
1.05	44964	44964	100.00%	1.70	5.50	4.05	5.55	0.50	3.50	4.20
1.10	44964	44964	100.00%	1.70	5.50	4.05	5.55	0.50	3.50	4.20
1.15	44964	44964	100.00%	1.70	5.50	4.05	5.55	0.50	3.50	4.20
1.20	44964	44964	100.00%	1.70	5.50	4.05	5.55	0.50	3.50	4.20
1.25	44964	44964	100.00%	1.70	5.50	4.05	5.55	0.50	3.50	4.20
1.30	44964	44964	100.00%	1.70	5.50	4.05	5.55	0.50	3.50	4.20
1.35	44964	44964	100.00%	1.70	5.50	4.05	5.55	0.50	3.50	4.20
1.40	44964	44964	100.00%	1.70	5.50	4.05	5.55	0.50	3.50	4.20
1.45	44964	44964	100.00%	1.70	5.50	4.05	5.55	0.50	3.50	4.20
1.50	44964	44964	100.00%	1.70	5.50	4.05	5.55	0.50	3.50	4.20
1.55	44964	44964	100.00%	1.70	5.50	4.05	5.55	0.50	3.50	4.20
1.60	44964	44964	100.00%	1.70	5.50	4.05	5.55	0.50	3.50	4.20
1.65	44964	44964	100.00%	1.70	5.50	4.05	5.55	0.50	3.50	4.20
1.70	44964	44964	100.00%	1.70	5.50	4.05	5.55	0.50	3.50	4.20
1.75	44964	44964	100.00%	1.70	5.50	4.05	5.55	0.50	3.50	4.20
1.80	44964	44964	100.00%	1.70	5.50	4.05	5.55	0.50	3.50	4.20
1.85	44964	44964	100.00%	1.70	5.50	4.05	5.55	0.50	3.50	4.20
1.90	44964	44964	100.00%	1.70	5.50	4.05	5.55	0.50	3.50	4.20
1.95	44964	44964	100.00%	1.70	5.50	4.05	5.55	0.50	3.50	4.20
2.00	44964	44964	100.00%	1.70	5.50	4.05	5.55	0.50	3.50	4.20
2.05	44964	44964	100.00%	1.70	5.50	4.05	5.55	0.50	3.50	4.20
2.10	44964	44964	100.00%	1.70	5.50	4.05	5.55	0.50	3.50	4.20
2.15	44964	44964	100.00%	1.70	5.50	4.05	5.55	0.50	3.50	4.20
2.20	44964	44964	100.00%	1.70	5.50	4.05	5.55	0.50	3.50	4.20
2.25	44964	44964	100.00%	1.70	5.50	4.05	5.55	0.50	3.50	4.20
2.30	44964	44964	100.00%	1.70	5.50	4.05	5.55	0.50	3.50	4.20
2.35	44964	44964	100.00%	1.70	5.50	4.05	5.55	0.50	3.50	4.20
2.40	44964	44964	100.00%	1.70	5.50	4.05	5.55	0.50	3.50	4.20
2.45	44964	44964	100.00%	1.70	5.50	4.05	5.55	0.50	3.50	4.20
2.50	44964	44964	100.00%	1.70	5.50	4.05	5.55	0.50	3.50	4.20
2.55	44964	44964	100.00%	1.70	5.50	4.05	5.55	0.50	3.50	4.20
2.60	44964	44964	100.00%	1.70	5.50	4.05	5.55	0.50	3.50	4.20
2.65	44964	44964	100.00%	1.70	5.50	4.05	5.55	0.50	3.50	4.20
2.70	44964	44964	100.00%	1.70	5.50	4.05	5.55	0.50	3.50	4.20
2.75	44964	44964	100.00%	1.70	5.50	4.05	5.55	0.50	3.50	4.20
2.80	44964	44964	100.00%	1.70	5.50	4.05	5.55	0.50	3.50	4.20
2.85	44964	44964	100.00%	1.70	5.50	4.05	5.55	0.50	3.50	4.20
2.90	44964	44964	100.00%	1.70	5.50	4.05	5.55	0.50	3.50	4.20
2.95	44964	44964	100.00%	1.70	5.50	4.05	5.55	0.50	3.50	4.20
3.00	44964	44964	100.00%	1.70	5.50	4.05	5.55	0.50	3.50	4.20
3.05	44964	44964	100.00%	1.70	5.50	4.05	5.55	0.50	3.50	4.20
3.10	44964	44964	100.00%	1.70	5.50	4.05	5.55	0.50	3.50	4.20
3.15	44964	44964	100.00%	1.70	5.50	4.05	5.55	0.50	3.50	4.20
3.20	44964	44964	100.00%	1.70	5.50	4.05	5.55	0.50	3.50	4.20
3.25	44964	44964	100.00%	1.70	5.50	4.05	5.55	0.50	3.50	4.20
3.30	44964	44964	100.00%	1.70	5.50	4.05	5.55	0.50	3.50	4.20
3.35	44964	44964	100.00%	1.70	5.50	4.05	5.55	0.50	3.50	4.20
3.40	44964	44964	100.00%	1.70	5.50	4.05	5.55	0.50	3.50	4.20
3.45	44964	44964	100.00%	1.70	5.50	4.05	5.55	0.50	3.50	4.20
3.50	44964	44964	100.00%	1.70	5.50	4.05	5.55	0.50	3.50	4.20
3.55	44964	44964	100.00%	1.70	5.50	4.05	5.55	0.50	3.50	4.20
3.60	44964	44964	100.00%	1.70	5.50	4.05	5.55	0.50	3.50	4.20
3.65	44964	44964	100.00%	1.70	5.50	4.05	5.55	0.50	3.50	4.20
3.70	44964	44964	100.00%	1.70	5.50	4.05	5.55	0.50	3.50	4.20
3.75	44964	44964	100.00%	1.70	5.50	4.05	5.55	0.50	3.50	4.20
3.80	44964	44964	100.00%	1.70	5.50	4.05	5.55	0.50	3.50	4.20
3.85	44964	44964	100.00%	1.70	5.50	4.05	5.55	0.50	3.50	4.20
3.90	44964	44964	100.00%	1.70	5.50	4.05	5.55	0.50	3.50	4.20
3.95	44964	44964	100.00%	1.70	5.50	4.05	5.55	0.50	3.50	4.20
4.00	44964	44964	100.00%	1.70	5.50	4.05	5.55	0.50	3.50	4.20
4.05	44964	44964	100.00%	1.70	5.50	4.05	5.55	0.50	3.50	4.20
4.10	44963	44964	100.00%	6.15	6.35	5.50	5.55	4.50	6.20	5.15
4.15	44963	44964	100.00%	6.15	6.35	5.50	5.55	4.50	6.20	5.15
4.20	44963	44964	100.00%	6.15	6.35	5.50	5.55	4.50	6.20	5.15
4.25	44963	44964	100.00%	6.15	6.35	5.50	5.55	4.50	6.20	5.15
4.30	44963	44964	100.00%	6.15	6.35	5.50	5.55	4.50	6.20	5.15
4.35	44963	44964	100.00%	6.15	6.35	5.50	5.55	4.50	6.20	5.15
4.40	44963	44964	100.00%	6.15	6.35	5.50	5.55	4.50	6.20	5.15
4.45	44963	44964	100.00%	6.15	6.35	5.50	5.55	4.50	6.20	5.15
4.50	44963	44964	100.00%	6.15	6.35	5.50	5.55	4.50	6.20	5.15
4.55	44963	44964	100.00%	6.15	6.35	5.50	5.55	4.50	6.20	5.15
4.60	44963	44964	100.00%	6.15	6.35	5.50	5.55	4.50	6.20	5.15
4.65	44963	44964	100.00%	6.15	6.35	5.50	5.55	4.50	6.20	5.15
4.70	44963	44964	100.00%	6.15	6.35	5.50	5.55	4.50	6.20	5.15
4.75	44963	44964	100.00%	6.15	6.35	5.50	5.55	4.50	6.20	5.15
4.80	44963	44964	100.00%	6.15	6.35	5.50	5.55	4.50	6.20	5.15
4.85	44963	44964	100.00%	6.15	6.35	5.50	5.55	4.50	6.20	5.15
4.90	44963	44964	100.00%	6.15	6.35	5.50	5.55	4.50	6.20	5.15
4.95	44963	44964	100.00%	6.15	6.35	5.50	5.55	4.50	6.20	5.15
5.00	44963	44964	100.00%	6.15	6.35	5.50	5.55	4.50	6.20	5.15
5.05	44963	44964	100.00%	6.15	6.35	5.50	5.55	4.50	6.20	5.15
5.10	44963	44964	100.00%	6.15	6.35	5.50	5.55	4.50	6.20	5.15
5.15	44963	44964	100.00%	6.15	6.35	5.50	5.55	4.50	6.20	5.15
5.20	44963	44964	100.00%	6.15	6.35	5.50	5.55	4.50	6.20	5.15
5.25	44963	44964	100.00%	6.15	6.35	5.50	5.55	4.50	6.20	5.15
5.30	44963	44964	100.00%	6.15	6.35	5.50	5.55	4.50	6.20	5.15
5.35	44963	44964	100.00%	6.15	6.35	5.50	5.55	4.50	6.20	5.15
5.40	44963	44964	100.00%	6.15	6.35	5.50	5.55	4.50	6.20	5.15
5.45	44963	44964	100.00%	6.15	6.35	5.50	5.55	4.50	6.20	5.15
5.50	44963	44964	100.00%	6.15	6.35	5.50	5.55	4.50	6.20	5.15
5.55	44962	44964	100.00%	6.50	6.95	5.70	5.55	5.10	6.75	5.15
5.60	44962	44964	100.00%	6.50	6.95	5.70	5.55	5.10	6.75	5.15
5.65	44962	44964	100.00%	6.50	6.95	5.70	5.55	5.10	6.75	5.15
5.70	44962	44964	100.00%	6.50	6.95	5.70	5.55	5.10	6.75	5.15
5.75	44961	44964	99.99%	6.70	7.10	6.00	5.55	5.60	7.10	5.80
5.80	44961	44964	99.99%	6.70	7.10	6.00	5.55	5.60	7.10	5.80
5.85	44961	44964	99.99%	6.70	7.10	6.00	5.55	5.60	7.10	5.80
5.90	44961	44964	99.99%	6.70	7.10	6.00	5.55	5.60	7.10	5.80
5.95	44961	44964	99.99%	6.70	7.10	6.00	5.55	5.60	7.10	5.80
6.00	44961	44964	99.99%	6.70	7.10	6.00	5.55	5.60	7.10	5.80
6.05	44960	44964	99.99%	6.75	7.30	6.10	5.55	5.80	7.35	5.80
6.10	44960	44964	99.99%	6.75	7.30	6.10	5.55	5.80	7.35	5.80
6.15	44959	44964	99.99%	6.95	7.35	6.15	5.55	5.95	7.60	5.95
6.20	44957	44964	99.98%	7.15	7.60	6.25	5.80	6.10	7.85	6.30
6.25	44957	44964	99.98%	7.15	7.60	6.25	5.80	6.10	7.85	6.30
6.30	44955	44964	99.98%	7.20	7.70	6.35	5.80	6.20	8.10	6.45
6.35	44955	44964	99.98%	7.20	7.70	6.35	5.80	6.20	8.10	6.45
6.40	44954	44964	99.98%	7.25	7.80	6.40	5.80	6.30	8.20	6.45
6.45	44953	44964	99.98%	7.30	7.80	6.45	5.80	6.35	8.25	6.55
6.50	44952	44964	99.97%	7.30	7.85	6.55	5.80	6.35	8.35	6.70
6.55	44952	44964	99.97%	7.30	7.85	6.55	5.80	6.35	8.35	6.70
6.60	44951	44964	99.97%	7.40	7.85	6.70	5.80	6.45	8.50	6.70
6.65	44951	44964	99.97%	7.40	7.85	6.70	5.80	6.45	8.50	6.70
6.70	44950	44964	99.97%	7.40	7.95	6.75	5.80	6.50	8.55	6.80
6.75	44950	44964	99.97%	7.40	7.95	6.75	5.80	6.50	8.55	6.80
6.80	44949	44964	99.97%	7.45	8.05	6.80	5.80	6.60	8.60	6.80
6.85	44947	44964	99.96%	7.55	8.10	6.85	6.30	6.70	8.80	6.80
6.90	44945	44964	99.96%	7.60	8.20	6.90	6.30	6.80	8.85	6.85
6.95	44943	44964	99.95%	7.70	8.25	6.95	6.30	6.85	9.00	6.90
7.00	44942	44964	99.95%	7.70	8.30	7.05	6.30	6.95	9.00	6.95
7.05	44942	44964	99.95%	7.70	8.30	7.05	6.30	6.95	9.00	6.95
7.10	44941	44964	99.95%	7.75	8.30	7.10	6.30	6.95	9.10	6.95
7.15	44938	44964	99.94%	7.85	8.35	7.15	6.30	7.05	9.10	7.00
7.20	44933	44964	99.93%	7.95	8.45	7.20	6.60	7.20	9.35	7.15
7.25	44932	44964	99.93%	7.95	8.55	7.25	6.60	7.25	9.35	7.15
7.30	44930	44964	99.92%	8.05	8.60	7.30	6.60	7.30	9.35	7.35
7.35	44927	44964	99.92%	8.05	8.60	7.35	6.60	7.35	9.50	7.35
7.40	44925	44964	99.91%	8.15	8.60	7.40	6.65	7.35	9.50	7.35
7.45	44916	44964	99.89%	8.30	8.80	7.45	7.20	7.55	9.70	7.50
7.50	44913	44964	99.89%	8.30	8.85	7.50	7.20	7.60	9.75	7.60
7.55	44910	44964	99.88%	8.35	8.85	7.55	7.20	7.65	9.75	7.60
7.60	44907	44964	99.87%	8.35	8.95	7.60	7.20	7.70	9.85	7.70
7.65	44903	44964	99.86%	8.45	9.05	7.65	7.30	7.75	9.85	7.85
7.70	44893	44964	99.84%	8.60	9.20	7.70	7.35	7.95	10.10	7.95
7.75	44891	44964	99.84%	8.60	9.20	7.75	7.35	7.95	10.10	7.95
7.80	44888	44964	99.83%	8.65	9.25	7.80	7.35	7.95	10.10	7.95
7.85	44884	44964	99.82%	8.70	9.30	7.85	7.45	8.05	10.10	8.00
7.90	44879	44964	99.81%	8.80	9.35	7.90	7.45	8.10	10.25	8.05
7.95	44871	44964	99.79%	8.85	9.45	7.95	7.55	8.20	10.25	8.10
8.00	44866	44964	99.78%	8.90	9.50	8.00	7.55	8.20	10.35	8.15
8.05	44863	44964	99.78%	8.95	9.50	8.05	7.55	8.25	10.35	8.20
8.10	44853	44964	99.75%	9.00	9.60	8.10	7.70	8.35	10.50	8.25
8.15	44845	44964	99.74%	9.05	9.70	8.15	7.85	8.45	10.50	8.35
8.20	44841	44964	99.73%	9.05	9.70	8.20	7.85	8.45	10.60	8.35
8.25	44827	44964	99.70%	9.15	9.75	8.25	7.90	8.55	10.65	8.50
8.30	44819	44964	99.68%	9.20	9.85	8.30	8.00	8.60	10.75	8.50
8.35	44799	44964	99.63%	9.30	9.95	8.35	8.20	8.75	10.85	8.70
8.40	44790	44964	99.61%	9.35	10.00	8.40	8.20	8.80	10.85	8.70
8.45	44779	44964	99.59%	9.45	10.10	8.45	8.20	8.85	11.00	8.70
8.50	44765	44964	99.56%	9.50	10.10	8.50	8.20	8.95	11.00	8.80
8.55	44759	44964	99.54%	9.55	10.10	8.55	8.20	8.95	11.05	8.85
8.60	44734	44964	99.49%	9.65	10.25	8.60	8.35	9.10	11.20	8.85
8.65	44724	44964	99.47%	9.70	10.30	8.65	8.50	9.15	11.25	8.95
8.70	44713	44964	99.44%	9.70	10.35	8.70	8.50	9.20	11.25	9.00
8.75	44697	44964	99.41%	9.80	10.35	8.75	8.60	9.30	11.35	9.05
8.80	44691	44964	99.39%	9.80	10.35	8.80	8.65	9.30	11.35	9.10
8.85	44675	44964	99.36%	9.85	10.45	8.85	8.70	9.35	11.45	9.10
8.90	44662	44964	99.33%	9.90	10.50	8.90	8.70	9.45	11.50	9.15
8.95	44655	44964	99.31%	9.95	10.50	8.95	8.75	9.45	11.50	9.20
9.00	44637	44964	99.27%	9.95	10.60	9.00	8.80	9.50	11.50	9.25
9.05	44631	44964	99.26%	9.95	10.60	9.05	8.80	9.55	11.60	9.25
9.10	44601	44964	99.19%	10.10	10.70	9.10	8.80	9.60	11.60	9.35
9.15	44584	44964	99.15%	10.10	10.75	9.15	8.80	9.70	11.75	9.45
9.20	44566	44964	99.11%	10.20	10.75	9.20	8.85	9.75	11.75	9.50
9.25	44538	44964	99.05%	10.25	10.85	9.25	8.90	9.85	11.85	9.60
9.30	44533	44964	99.04%	10.30	10.85	9.30	8.95	9.85	11.85	9.60
9.35	44499	44964	98.97%	10.35	10.95	9.35	9.00	9.95	11.95	9.60
9.40	44475	44964	98.91%	10.40	11.00	9.40	9.00	10.05	12.00	9.70
9.45	44462	44964	98.88%	10.45	11.00	9.45	9.00	10.10	12.00	9.75
9.50	44413	44964	98.77%	10.55	11.10	9.50	9.10	10.20	12.10	9.85
9.55	44400	44964	98.75%	10.55	11.20	9.55	9.10	10.20	12.10	9.90
9.60	44364	44964	98.67%	10.60	11.25	9.60	9.20	10.35	12.25	9.95
9.65	44328	44964	98.59%	10.70	11.30	9.65	9.25	10.40	12.25	10.00
9.70	44315	44964	98.56%	10.70	11.35	9.70	9.25	10.45	12.25	10.05
9.75	44276	44964	98.47%	10.80	11.35	9.75	9.35	10.50	12.35	10.10
9.80	44260	44964	98.43%	10.80	11.45	9.80	9.35	10.55	12.35	10.20
9.85	44219	44964	98.34%	10.85	11.50	9.85	9.35	10.60	12.50	10.25
9.90	44187	44964	98.27%	10.95	11.50	9.90	9.40	10.70	12.50	10.25
9.95	44169	44964	98.23%	10.95	11.55	9.95	9.45	10.70	12.50	10.30
10.00	44111	44964	98.10%	11.05	11.60	10.00	9.50	10.85	12.60	10.35
10.05	44085	44964	98.05%	11.10	11.70	10.05	9.50	10.85	12.60	10.40
10.10	44034	44964	97.93%	11.15	11.75	10.10	9.60	10.95	12.75	10.45
10.15	43983	44964	97.82%	11.20	11.85	10.15	9.60	11.05	12.75	10.50
10.20	43968	44964	97.78%	11.25	11.85	10.20	9.60	11.05	12.75	10.50
10.25	43893	44964	97.62%	11.35	11.95	10.25	9.70	11.20	12.85	10.60
10.30	43861	44964	97.55%	11.35	12.00	10.30	9.70	11.20	12.95	10.70
10.35	43822	44964	97.46%	11.45	12.00	10.35	9.75	11.25	13.00	10.75
10.40	43756	44964	97.31%	11.50	12.10	10.40	9.85	11.35	13.00	10.80
10.45	43737	44964	97.27%	11.50	12.10	10.45	9.85	11.35	13.00	10.85
10.50	43663	44964	97.11%	11.60	12.20	10.50	9.90	11.50	13.10	10.85
10.55	43640	44964	97.06%	11.60	12.20	10.55	9.95	11.50	13.10	10.95
10.60	43584	44964	96.93%	11.70	12.25	10.60	9.95	11.60	13.25	11.00
10.65	43536	44964	96.82%	11.70	12.35	10.65	9.95	11.60	13.25	11.00
10.70	43514	44964	96.78%	11.75	12.35	10.70	9.95	11.70	13.25	11.05
10.75	43427	44964	96.58%	11.85	12.40	10.75	10.10	11.75	13.35	11.10
10.80	43389	44964	96.50%	11.85	12.45	10.80	10.20	11.80	13.35	11.20
10.85	43326	44964	96.36%	11.95	12.50	10.85	10.20	11.85	13.35	11.25
10.90	43245	44964	96.18%	12.00	12.60	10.90	10.20	11.95	13.50	11.30
10.95	43212	44964	96.10%	12.05	12.60	10.95	10.25	12.00	13.50	11.35
11.00	43111	44964	95.88%	12.10	12.70	11.00	10.30	12.10	13.55	11.35
11.05	43069	44964	95.79%	12.15	12.75	11.05	10.35	12.10	13.60	11.45
11.10	43015	44964	95.67%	12.20	12.75	11.10	10.35	12.20	13.60	11.45
11.15	42911	44964	95.43%	12.25	12.85	11.15	10.45	12.30	13.75	11.55
11.20	42889	44964	95.39%	12.30	12.85	11.20	10.45	12.35	13.75	11.60
11.25	42767	44964	95.11%	12.35	12.95	11.25	10.50	12.45	13.75	11.60
11.30	42721	44964	95.01%	12.45	13.00	11.30	10.55	12.45	13.85	11.60
11.35	42653	44964	94.86%	12.45	13.00	11.35	10.60	12.50	13.85	11.70
11.40	42527	44964	94.58%	12.55	13.10	11.40	10.70	12.60	14.00	11.75
11.45	42509	44964	94.54%	12.60	13.10	11.45	10.70	12.60	14.00	11.75
11.50	42379	44964	94.25%	12.70	13.20	11.50	10.70	12.75	14.00	11.85
11.55	42321	44964	94.12%	12.70	13.25	11.55	10.75	12.80	14.00	11.95
11.60	42248	44964	93.96%	12.75	13.25	11.60	10.80	12.85	14.10	12.00
11.65	42132	44964	93.70%	12.85	13.35	11.65	10.85	12.95	14.20	12.00
11.70	42112	44964	93.66%	12.85	13.35	11.70	10.85	12.95	14.20	12.05
11.75	41997	44964	93.40%	12.85	13.35	11.75	10.85	13.00	14.25	12.10
11.80	41921	44964	93.23%	12.95	13.45	11.80	10.95	13.10	14.25	12.10
11.85	41845	44964	93.06%	13.00	13.50	11.85	10.95	13.10	14.25	12.20
11.90	41721	44964	92.79%	13.10	13.50	11.90	11.00	13.20	14.35	12.25
11.95	41699	44964	92.74%	13.10	13.50	11.95	11.00	13.20	14.35	12.25
12.00	41535	44964	92.37%	13.20	13.60	12.00	11.10	13.35	14.50	12.35
12.05	41456	44964	92.20%	13.20	13.70	12.05	11.10	13.35	14.50	12.35
12.10	41389	44964	92.05%	13.25	13.75	12.10	11.10	13.45	14.50	12.45
12.15	41225	44964	91.68%	13.35	13.75	12.15	11.20	13.50	14.50	12.50
12.20	41206	44964	91.64%	13.35	13.80	12.20	11.25	13.55	14.60	12.50
12.25	41014	44964	91.22%	13.45	13.85	12.25	11.35	13.65	14.60	12.60
12.30	40924	44964	91.02%	13.45	13.95	12.30	11.35	13.70	14.75	12.60
12.35	40858	44964	90.87%	13.50	14.00	12.35	11.35	13.75	14.75	12.70
12.40	40661	44964	90.43%	13.60	14.00	12.40	11.45	13.85	14.75	12.75
12.45	40647	44964	90.40%	13.60	14.00	12.45	11.45	13.85	14.75	12.75
12.50	40449	44964	89.96%	13.70	14.10	12.50	11.50	13.95	14.85	12.85
12.55	40359	44964	89.76%	13.75	14.20	12.55	11.55	14.00	14.85	12.85
12.60	40281	44964	89.59%	13.80	14.25	12.60	11.60	14.10	15.00	12.85
12.65	40073	44964	89.12%	13.85	14.25	12.65	11.60	14.20	15.00	13.00
12.70	40063	44964	89.10%	13.85	14.30	12.70	11.60	14.20	15.00	13.00
12.75	39861	44964	88.65%	13.95	14.35	12.75	11.70	14.25	15.00	13.10
12.80	39715	44964	88.33%	14.00	14.50	12.80	11.75	14.35	15.10	13.10
12.85	39647	44964	88.17%	14.05	14.50	12.85	11.75	14.35	15.10	13.10
12.90	39465	44964	87.77%	14.10	14.50	12.90	11.85	14.45	15.25	13.25
12.95	39448	44964	87.73%	14.10	14.50	12.95	11.85	14.45	15.25	13.25
13.00	39242	44964	87.27%	14.25	14.60	13.00	11.85	14.60	15.25	13.25
13.05	39131	44964	87.03%	14.25	14.70	13.05	11.85	14.60	15.25	13.35
13.10	39067	44964	86.89%	14.30	14.70	13.10	11.95	14.60	15.25	13.35
13.15	38828	44964	86.35%	14.35	14.75	13.15	12.00	14.75	15.35	13.45
13.20	38810	44964	86.31%	14.40	14.75	13.20	12.00	14.75	15.35	13.45
13.25	38623	44964	85.90%	14.50	14.85	13.25	12.10	14.85	15.50	13.50
13.30	38483	44964	85.59%	14.50	14.85	13.30	12.10	14.85	15.50	13.50
13.35	38432	44964	85.47%	14.55	14.85	13.35	12.10	14.95	15.50	13.50
13.40	38200	44964	84.96%	14.60	15.00	13.40	12.20	15.00	15.50	13.60
13.45	38186	44964	84.93%	14.60	15.00	13.45	12.20	15.00	15.50	13.60
13.50	37945	44964	84.39%	14.75	15.10	13.50	12.20	15.10	15.60	13.70
13.55	37768	44964	84.00%	14.80	15.10	13.55	12.25	15.20	15.75	13.75
13.60	37722	44964	83.89%	14.85	15.10	13.60	12.25	15.20	15.75	13.75
13.65	37470	44964	83.33%	14.85	15.25	13.65	12.35	15.35	15.75	13.85
13.70	37456	44964	83.30%	14.95	15.25	13.70	12.35	15.35	15.75	13.85
13.75	37232	44964	82.80%	15.00	15.25	13.75	12.35	15.35	15.75	13.85
13.80	37065	44964	82.43%	15.05	15.35	13.80	12.35	15.45	15.85	13.95
13.85	37016	44964	82.32%	15.10	15.35	13.85	12.35	15.50	15.85	14.00
13.90	36718	44964	81.66%	15.20	15.50	13.90	12.50	15.60	16.00	14.00
13.95	36709	44964	81.64%	15.20	15.50	13.95	12.50	15.60	16.00	14.00
14.00	36489	44964	81.15%	15.25	15.50	14.00	12.55	15.70	16.00	14.10
14.05	36302	44964	80.74%	15.35	15.60	14.05	12.60	15.75	16.00	14.20
14.10	36255	44964	80.63%	15.35	15.60	14.10	12.60	15.75	16.00	14.20
14.15	35981	44964	80.02%	15.45	15.70	14.15	12.60	15.85	16.10	14.25
14.20	35964	44964	79.98%	15.45	15.70	14.20	12.65	15.85	16.10	14.25
14.25	35731	44964	79.47%	15.50	15.75	14.25	12.70	15.95	16.20	14.35
14.30	35542	44964	79.05%	15.55	15.75	14.30	12.75	16.00	16.25	14.35
14.35	35500	44964	78.95%	15.60	15.75	14.35	12.75	16.00	16.25	14.35
14.40	35187	44964	78.26%	15.70	15.85	14.40	12.85	16.10	16.25	14.50
14.45	35178	44964	78.24%	15.70	15.85	14.45	12.85	16.10	16.25	14.50
14.50	34934	44964	77.69%	15.75	16.00	14.50	12.85	16.25	16.25	14.50
14.55	34728	44964	77.24%	15.85	16.00	14.55	12.95	16.30	16.35	14.60
14.60	34700	44964	77.17%	15.85	16.00	14.60	12.95	16.35	16.35	14.60
14.65	34419	44964	76.55%	15.85	16.10	14.65	13.00	16.35	16.50	14.60
14.70	34415	44964	76.54%	15.85	16.10	14.70	13.00	16.40	16.50	14.60
14.75	34154	44964	75.96%	16.00	16.10	14.75	13.05	16.50	16.50	14.75
14.80	33944	44964	75.49%	16.05	16.25	14.80	13.10	16.60	16.50	14.75
14.85	33892	44964	75.38%	16.10	16.25	14.85	13.10	16.60	16.50	14.75
14.90	33589	44964	74.70%	16.20	16.25	14.90	13.20	16.70	16.60	14.85
14.95	33579	44964	74.68%	16.20	16.25	14.95	13.20	16.70	16.60	14.85
15.00	33325	44964	74.11%	16.25	16.35	15.00	13.25	16.75	16.75	14.95
15.05	33137	44964	73.70%	16.30	16.50	15.05	13.25	16.85	16.75	15.00
15.10	33102	44964	73.62%	16.30	16.50	15.10	13.25	16.85	16.75	15.00
15.15	32768	44964	72.88%	16.35	16.50	15.15	13.35	16.95	16.75	15.00
15.20	32759	44964	72.86%	16.35	16.50	15.20	13.35	16.95	16.75	15.00
15.25	32516	44964	72.32%	16.50	16.60	15.25	13.35	17.00	16.75	15.10
15.30	32275	44964	71.78%	16.55	16.60	15.30	13.45	17.10	16.85	15.10
15.35	32238	44964	71.70%	16.60	16.60	15.35	13.50	17.10	16.85	15.20
15.40	31864	44964	70.87%	16.70	16.75	15.40	13.60	17.25	17.00	15.25
15.45	31854	44964	70.84%	16.70	16.75	15.45	13.60	17.25	17.00	15.25
15.50	31616	44964	70.31%	16.75	16.75	15.50	13.60	17.30	17.00	15.25
15.55	31394	44964	69.82%	16.85	16.85	15.55	13.60	17.35	17.00	15.35
15.60	31358	44964	69.74%	16.85	16.85	15.60	13.60	17.35	17.00	15.35
15.65	31005	44964	68.96%	16.95	17.00	15.65	13.75	17.50	17.10	15.50
15.70	30999	44964	68.94%	16.95	17.00	15.70	13.75	17.50	17.10	15.50
15.75	30739	44964	68.36%	17.00	17.00	15.75	13.85	17.60	17.10	15.50
15.80	30489	44964	67.81%	17.05	17.00	15.80	13.85	17.60	17.25	15.60
15.85	30455	44964	67.73%	17.10	17.10	15.85	13.85	17.60	17.25	15.60
15.90	30073	44964	66.88%	17.20	17.20	15.90	13.95	17.75	17.25	15.70
15.95	30071	44964	66.88%	17.20	17.20	15.95	13.95	17.75	17.25	15.70
16.00	29860	44964	66.41%	17.25	17.25	16.00	14.00	17.85	17.25	15.75
16.05	29588	44964	65.80%	17.30	17.25	16.05	14.00	17.85	17.35	15.75
16.10	29555	44964	65.73%	17.35	17.25	16.10	14.00	17.90	17.35	15.75
16.15	29185	44964	64.91%	17.45	17.35	16.15	14.10	18.00	17.50	15.85
16.20	29172	44964	64.88%	17.45	17.35	16.20	14.10	18.00	17.50	15.85
16.25	28933	44964	64.35%	17.50	17.50	16.25	14.10	18.10	17.50	15.95
16.30	28657	44964	63.73%	17.60	17.50	16.30	14.25	18.20	17.50	16.00
16.35	28627	44964	63.67%	17.60	17.50	16.35	14.25	18.20	17.50	16.00
16.40	28210	44964	62.74%	17.70	17.60	16.40	14.35	18.25	17.60	16.10
16.45	28203	44964	62.72%	17.70	17.60	16.45	14.35	18.25	17.60	16.10
16.50	28013	44964	62.30%	17.75	17.60	16.50	14.35	18.35	17.60	16.10
16.55	27709	44964	61.62%	17.85	17.75	16.55	14.45	18.45	17.75	16.25
16.60	27682	44964	61.56%	17.85	17.75	16.60	14.45	18.45	17.75	16.25
16.65	27287	44964	60.69%	17.95	17.75	16.65	14.50	18.55	17.75	16.25
16.70	27279	44964	60.67%	17.95	17.75	16.70	14.50	18.55	17.75	16.25
16.75	27072	44964	60.21%	18.00	17.85	16.75	14.50	18.60	17.75	16.35
16.80	26786	44964	59.57%	18.10	17.85	16.80	14.60	18.75	17.85	16.45
16.85	26771	44964	59.54%	18.10	17.85	16.85	14.60	18.75	17.85	16.45
16.90	26374	44964	58.66%	18.20	18.00	16.90	14.60	18.85	18.00	16.50
16.95	26371	44964	58.65%	18.20	18.00	16.95	14.60	18.85	18.00	16.50
17.00	26184	44964	58.23%	18.25	18.00	17.00	14.70	18.85	18.00	16.50
17.05	25864	44964	57.52%	18.35	18.10	17.05	14.75	19.00	18.00	16.60
17.10	25845	44964	57.48%	18.35	18.10	17.10	14.75	19.00	18.00	16.60
17.15	25482	44964	56.67%	18.45	18.25	17.15	14.85	19.05	18.00	16.75
17.20	25481	44964	56.67%	18.45	18.25	17.20	14.85	19.05	18.00	16.75
17.25	25315	44964	56.30%	18.50	18.25	17.25	14.85	19.10	18.00	16.75
17.30	24979	44964	55.55%	18.50	18.25	17.30	14.95	19.25	18.10	16.75
17.35	24963	44964	55.52%	18.55	18.25	17.35	15.00	19.25	18.10	16.75
17.40	24631	44964	54.78%	18.60	18.35	17.40	15.00	19.25	18.25	16.85
17.45	24630	44964	54.78%	18.60	18.35	17.45	15.00	19.25	18.25	16.85
17.50	24457	44964	54.39%	18.75	18.35	17.50	15.10	19.35	18.25	16.95
17.55	24154	44964	53.72%	18.75	18.50	17.55	15.10	19.45	18.25	17.00
17.60	24141	44964	53.69%	18.75	18.50	17.60	15.10	19.45	18.25	17.00
17.65	23764	44964	52.85%	18.85	18.50	17.65	15.10	19.50	18.35	17.00
17.70	23762	44964	52.85%	18.85	18.50	17.70	15.10	19.50	18.35	17.00
17.75	23608	44964	52.50%	19.00	18.60	17.75	15.25	19.60	18.35	17.10
17.80	23283	44964	51.78%	19.00	18.70	17.80	15.25	19.70	18.50	17.25
17.85	23267	44964	51.75%	19.00	18.70	17.85	15.25	19.70	18.50	17.25
17.90	22887	44964	50.90%	19.10	18.75	17.90	15.35	19.75	18.50	17.25
17.95	22883	44964	50.89%	19.10	18.75	17.95	15.35	19.75	18.50	17.25
18.00	22735	44964	50.56%	19.25	18.75	18.00	15.35	19.80	18.50	17.25
18.05	22393	44964	49.80%	19.25	18.85	18.05	15.45	19.85	18.50	17.35
18.10	22384	44964	49.78%	19.25	18.85	18.10	15.45	19.85	18.50	17.35
18.15	21997	44964	48.92%	19.35	19.00	18.15	15.50	20.00	18.60	17.50
18.20	21994	44964	48.91%	19.35	19.00	18.20	15.50	20.00	18.60	17.50
18.25	21860	44964	48.62%	19.45	19.00	18.25	15.60	20.00	18.75	17.50
18.30	21525	44964	47.87%	19.50	19.00	18.30	15.60	20.10	18.75	17.50
18.35	21516	44964	47.85%	19.50	19.00	18.35	15.60	20.10	18.75	17.50
18.40	21155	44964	47.05%	19.60	19.10	18.40	15.70	20.25	18.75	17.60
18.45	21154	44964	47.05%	19.60	19.10	18.45	15.70	20.25	18.75	17.60
18.50	21043	44964	46.80%	19.60	19.10	18.50	15.75	20.25	18.75	17.70
18.55	20700	44964	46.04%	19.75	19.25	18.55	15.75	20.35	18.85	17.75
18.60	20694	44964	46.02%	19.75	19.25	18.60	15.75	20.35	18.85	17.75
18.65	20327	44964	45.21%	19.85	19.25	18.65	15.85	20.50	19.00	17.75
18.70	20325	44964	45.20%	19.85	19.25	18.70	15.85	20.50	19.00	17.75
18.75	20205	44964	44.94%	19.85	19.25	18.75	15.85	20.50	19.00	17.75
18.80	19850	44964	44.15%	20.00	19.45	18.80	15.95	20.60	19.00	17.95
18.85	19846	44964	44.14%	20.00	19.45	18.85	15.95	20.60	19.00	17.95
18.90	19504	44964	43.38%	20.10	19.50	18.90	16.00	20.75	19.00	18.00
18.95	19502	44964	43.37%	20.10	19.50	18.95	16.00	20.75	19.00	18.00
19.00	19396	44964	43.14%	20.10	19.50	19.00	16.00	20.75	19.00	18.00
19.05	19025	44964	42.31%	20.25	19.50	19.05	16.10	20.83	19.10	18.10
19.10	19016	44964	42.29%	20.25	19.50	19.10	16.10	20.85	19.10	18.10
19.15	18677	44964	41.54%	20.25	19.75	19.20	16.10	20.95	19.25	18.25
19.20	18677	44964	41.54%	20.25	19.75	19.20	16.10	20.95	19.25	18.25
19.25	18566	44964	41.29%	20.35	19.75	19.25	16.20	21.00	19.25	18.25
19.30	18168	44964	40.41%	20.50	19.75	19.30	16.25	21.00	19.25	18.25
19.35	18166	44964	40.40%	20.50	19.75	19.35	16.25	21.00	19.25	18.25
19.40	17818	44964	39.63%	20.50	19.85	19.40	16.35	21.20	19.25	18.35
19.45	17817	44964	39.63%	20.50	19.85	19.45	16.35	21.20	19.25	18.35
19.50	17747	44964	39.47%	20.60	19.85	19.50	16.35	21.25	19.35	18.35
19.55	17354	44964	38.60%	20.75	20.00	19.55	16.45	21.25	19.50	18.50
19.60	17348	44964	38.58%	20.75	20.00	19.60	16.45	21.25	19.50	18.50
19.65	17054	44964	37.93%	20.75	20.00	19.70	16.50	21.35	19.50	18.50
19.70	17054	44964	37.93%	20.75	20.00	19.70	16.50	21.35	19.50	18.50
19.75	16969	44964	37.74%	20.75	20.00	19.75	16.50	21.35	19.50	18.60
19.80	16578	44964	36.87%	21.00	20.10	19.80	16.60	21.50	19.50	18.75
19.85	16573	44964	36.86%	21.00	20.10	19.85	16.60	21.50	19.50	18.75
19.90	16271	44964	36.19%	21.00	20.25	19.95	16.70	21.52	19.60	18.75
19.95	16271	44964	36.19%	21.00	20.25	19.95	16.70	21.52	19.60	18.75
20.00	16215	44964	36.06%	21.00	20.25	20.00	16.75	21.60	19.60	18.75
20.05	15810	44964	35.16%	21.25	20.25	20.05	16.75	21.75	19.75	18.85
20.10	15806	44964	35.15%	21.25	20.25	20.10	16.75	21.75	19.75	18.85
20.15	15514	44964	34.50%	21.25	20.35	20.20	16.85	21.75	19.75	19.00
20.20	15514	44964	34.50%	21.25	20.35	20.20	16.85	21.75	19.75	19.00
20.25	15449	44964	34.36%	21.25	20.50	20.25	16.85	21.75	19.75	19.00
20.30	14999	44964	33.36%	21.50	20.50	20.30	16.95	22.00	19.75	19.00
20.35	14996	44964	33.35%	21.50	20.50	20.35	16.95	22.00	19.75	19.00
20.40	14747	44964	32.80%	21.50	20.50	20.40	17.00	22.00	19.85	19.10
20.45	14746	44964	32.80%	21.50	20.50	20.45	17.00	22.00	19.85	19.10
20.50	14690	44964	32.67%	21.50	20.50	20.50	17.00	22.00	20.00	19.25
20.55	14269	44964	31.73%	21.60	20.75	20.55	17.10	22.10	20.00	19.25
20.60	14263	44964	31.72%	21.60	20.75	20.60	17.10	22.10	20.00	19.25
20.65	14019	44964	31.18%	21.75	20.75	20.70	17.20	22.25	20.00	19.25
20.70	14019	44964	31.18%	21.75	20.75	20.70	17.20	22.25	20.00	19.25
20.75	13971	44964	31.07%	21.75	20.75	20.75	17.25	22.25	20.00	19.25
20.80	13543	44964	30.12%	21.85	20.85	20.80	17.25	22.35	20.10	19.50
20.85	13542	44964	30.12%	21.85	20.85	20.85	17.25	22.35	20.10	19.50
20.90	13316	44964	29.61%	22.00	21.00	20.95	17.35	22.50	20.25	19.50
20.95	13316	44964	29.61%	22.00	21.00	20.95	17.35	22.50	20.25	19.50
21.00	13268	44964	29.51%	22.00	21.00	21.00	17.35	22.50	20.25	19.50
21.05	12853	44964	28.59%	22.00	21.00	21.05	17.50	22.50	20.25	19.60
21.10	12851	44964	28.58%	22.00	21.00	21.10	17.50	22.50	20.25	19.60
21.15	12624	44964	28.08%	22.25	21.10	21.20	17.50	22.60	20.25	19.75
21.20	12624	44964	28.08%	22.25	21.10	21.20	17.50	22.60	20.25	19.75
21.25	12593	44964	28.01%	22.25	21.10	21.25	17.50	22.60	20.25	19.75
21.30	12189	44964	27.11%	22.25	21.25	21.30	17.60	22.75	20.35	19.75
21.35	12188	44964	27.11%	22.25	21.25	21.35	17.60	22.75	20.35	19.75
21.40	11977	44964	26.64%	22.35	21.25	21.40	17.70	22.75	20.50	19.85
21.45	11976	44964	26.63%	22.35	21.25	21.45	17.70	22.75	20.50	19.85
21.50	11945	44964	26.57%	22.45	21.25	21.50	17.75	22.75	20.50	19.85
21.55	11517	44964	25.61%	22.50	21.50	21.60	17.85	23.00	20.50	20.00
21.60	11517	44964	25.61%	22.50	21.50	21.60	17.85	23.00	20.50	20.00
21.65	11326	44964	25.19%	22.60	21.50	21.70	17.85	23.00	20.50	20.00
21.70	11326	44964	25.19%	22.60	21.50	21.70	17.85	23.00	20.50	20.00
21.75	11304	44964	25.14%	22.60	21.50	21.75	17.85	23.00	20.50	20.00
21.80	10903	44964	24.25%	22.75	21.50	21.80	18.00	23.10	20.75	20.25
21.85	10902	44964	24.25%	22.75	21.50	21.85	18.00	23.10	20.75	20.25
21.90	10708	44964	23.81%	22.75	21.60	21.95	18.00	23.25	20.75	20.25
21.95	10708	44964	23.81%	22.75	21.60	21.95	18.00	23.25	20.75	20.25
22.00	10685	44964	23.76%	22.75	21.60	22.00	18.00	23.25	20.75	20.25
22.05	10242	44964	22.78%	23.00	21.75	22.05	18.20	23.25	20.75	20.50
22.10	10240	44964	22.77%	23.00	21.75	22.10	18.20	23.25	20.75	20.50
22.15	10061	44964	22.38%	23.00	21.75	22.20	18.25	23.35	20.75	20.50
22.20	10061	44964	22.38%	23.00	21.75	22.20	18.25	23.35	20.75	20.50
22.25	10042	44964	22.33%	23.00	21.75	22.25	18.25	23.35	20.75	20.50
22.30	9609	44964	21.37%	23.25	22.00	22.30	18.35	23.50	21.00	20.50
22.35	9608	44964	21.37%	23.25	22.00	22.35	18.35	23.50	21.00	20.50
22.40	9451	44964	21.02%	23.25	22.00	22.45	18.35	23.50	21.00	20.70
22.45	9451	44964	21.02%	23.25	22.00	22.45	18.35	23.50	21.00	20.70
22.50	9440	44964	20.99%	23.25	22.00	22.50	18.45	23.50	21.00	20.75
22.55	9010	44964	20.04%	23.50	22.10	22.55	18.50	23.75	21.00	20.75
22.60	9009	44964	20.04%	23.50	22.10	22.60	18.50	23.75	21.00	20.75
22.65	8865	44964	19.72%	23.50	22.25	22.70	18.60	23.75	21.10	20.75
22.70	8865	44964	19.72%	23.50	22.25	22.70	18.60	23.75	21.10	20.75
22.75	8851	44964	19.68%	23.50	22.25	22.75	18.60	23.75	21.10	20.85
22.80	8374	44964	18.62%	23.75	22.25	22.85	18.75	24.00	21.25	21.00
22.85	8374	44964	18.62%	23.75	22.25	22.85	18.75	24.00	21.25	21.00
22.90	8228	44964	18.30%	23.75	22.25	22.95	18.85	24.00	21.25	21.00
22.95	8228	44964	18.30%	23.75	22.25	22.95	18.85	24.00	21.25	21.00
23.00	8218	44964	18.28%	23.75	22.35	23.00	18.85	24.00	21.25	21.00
23.05	7768	44964	17.28%	24.00	22.50	23.10	19.00	24.10	21.50	21.25
23.10	7768	44964	17.28%	24.00	22.50	23.10	19.00	24.10	21.50	21.25
23.15	7639	44964	16.99%	24.00	22.50	23.20	19.00	24.25	21.50	21.25
23.20	7639	44964	16.99%	24.00	22.50	23.20	19.00	24.25	21.50	21.25
23.25	7632	44964	16.97%	24.00	22.50	23.25	19.00	24.25	21.50	21.25
23.30	7177	44964	15.96%	24.25	22.75	23.35	19.20	24.25	21.50	21.50
23.35	7177	44964	15.96%	24.25	22.75	23.35	19.20	24.25	21.50	21.50
23.40	7063	44964	15.71%	24.25	22.75	23.45	19.25	24.35	21.50	21.50
23.45	7063	44964	15.71%	24.25	22.75	23.45	19.25	24.35	21.50	21.50
23.50	7053	44964	15.69%	24.25	22.75	23.50	19.25	24.35	21.50	21.50
23.55	6607	44964	14.69%	24.50	23.00	23.60	19.35	24.50	21.75	21.75
23.60	6607	44964	14.69%	24.50	23.00	23.60	19.35	24.50	21.75	21.75
23.65	6504	44964	14.46%	24.50	23.00	23.70	19.35	24.50	21.75	21.75
23.70	6504	44964	14.46%	24.50	23.00	23.70	19.35	24.50	21.75	21.75
23.75	6498	44964	14.45%	24.50	23.00	23.75	19.35	24.50	21.75	21.75
23.80	6029	44964	13.41%	24.75	23.00	23.85	19.60	24.75	22.00	22.00
23.85	6029	44964	13.41%	24.75	23.00	23.85	19.60	24.75	22.00	22.00
23.90	5948	44964	13.23%	24.75	23.10	23.95	19.60	24.75	22.00	22.00
23.95	5948	44964	13.23%	24.75	23.10	23.95	19.60	24.75	22.00	22.00
24.00	5946	44964	13.22%	24.75	23.10	24.00	19.60	24.75	22.00	22.00
24.05	5555	44964	12.35%	24.85	23.25	24.10	19.75	25.00	22.00	22.00
24.10	5555	44964	12.35%	24.85	23.25	24.10	19.75	25.00	22.00	22.00
24.15	5479	44964	12.19%	25.00	23.25	24.20	19.75	25.00	22.00	22.00
24.20	5479	44964	12.19%	25.00	23.25	24.20	19.75	25.00	22.00	22.00
24.25	5477	44964	12.18%	25.00	23.25	24.25	19.75	25.00	22.00	22.00
24.30	5043	44964	11.22%	25.00	23.50	24.35	20.00	25.00	22.25	22.25
24.35	5043	44964	11.22%	25.00	23.50	24.35	20.00	25.00	22.25	22.25
24.40	4969	44964	11.05%	25.25	23.50	24.45	20.00	25.10	22.25	22.25
24.45	4969	44964	11.05%	25.25	23.50	24.45	20.00	25.10	22.25	22.25
24.50	4966	44964	11.04%	25.25	23.50	24.50	20.00	25.10	22.25	22.25
24.55	4562	44964	10.15%	25.25	23.75	24.60	20.25	25.25	22.35	22.50
24.60	4562	44964	10.15%	25.25	23.75	24.60	20.25	25.25	22.35	22.50
24.65	4498	44964	10.00%	25.25	23.75	24.75	20.25	25.25	22.50	22.50
24.70	4498	44964	10.00%	25.25	23.75	24.75	20.25	25.25	22.50	22.50
24.75	4498	44964	10.00%	25.25	23.75	24.75	20.25	25.25	22.50	22.50
24.80	4101	44964	9.12%	25.50	24.00	24.85	20.35	25.50	22.50	22.75
24.85	4101	44964	9.12%	25.50	24.00	24.85	20.35	25.50	22.50	22.75
24.90	4052	44964	9.01%	25.50	24.00	25.00	20.50	25.50	22.50	22.75
24.95	4052	44964	9.01%	25.50	24.00	25.00	20.50	25.50	22.50	22.75
25.00	4052	44964	9.01%	25.50	24.00	25.00	20.50	25.50	22.50	22.75
25.05	3661	44964	8.14%	25.75	24.00	25.10	20.75	25.75	22.75	23.00
25.10	3661	44964	8.14%	25.75	24.00	25.10	20.75	25.75	22.75	23.00
25.15	3619	44964	8.05%	25.75	24.00	25.20	20.75	25.75	22.75	23.00
25.20	3619	44964	8.05%	25.75	24.00	25.20	20.75	25.75	22.75	23.00
25.25	3618	44964	8.05%	25.75	24.00	25.25	20.75	25.75	22.75	23.00
25.30	3223	44964	7.17%	26.00	24.25	25.35	21.00	25.75	23.00	23.25
25.35	3223	44964	7.17%	26.00	24.25	25.35	21.00	25.75	23.00	23.25
25.40	3170	44964	7.05%	26.00	24.25	25.45	21.00	26.00	23.00	23.25
25.45	3170	44964	7.05%	26.00	24.25	25.45	21.00	26.00	23.00	23.25
25.50	3169	44964	7.05%	26.00	24.25	25.50	21.00	26.00	23.00	23.25
25.55	2796	44964	6.22%	26.25	24.50	25.60	21.25	26.00	23.25	23.50
25.60	2796	44964	6.22%	26.25	24.50	25.60	21.25	26.00	23.25	23.50
25.65	2759	44964	6.14%	26.25	24.50	25.75	21.35	26.00	23.25	23.50
25.70	2759	44964	6.14%	26.25	24.50	25.75	21.35	26.00	23.25	23.50
25.75	2759	44964	6.14%	26.25	24.50	25.75	21.35	26.00	23.25	23.50
25.80	2407	44964	5.35%	26.50	24.75	25.85	21.50	26.25	23.25	23.75
25.85	2407	44964	5.35%	26.50	24.75	25.85	21.50	26.25	23.25	23.75
25.90	2381	44964	5.30%	26.50	24.75	26.00	21.50	26.25	23.25	23.75
25.95	2381	44964	5.30%	26.50	24.75	26.00	21.50	26.25	23.25	23.75
26.00	2381	44964	5.30%	26.50	24.75	26.00	21.50	26.25	23.25	23.75
26.05	2047	44964	4.55%	26.75	25.00	26.10	21.75	26.50	23.50	24.00
26.10	2047	44964	4.55%	26.75	25.00	26.10	21.75	26.50	23.50	24.00
26.15	2018	44964	4.49%	26.75	25.00	26.25	21.75	26.50	23.50	24.00
26.20	2018	44964	4.49%	26.75	25.00	26.25	21.75	26.50	23.50	24.00
26.25	2018	44964	4.49%	26.75	25.00	26.25	21.75	26.50	23.50	24.00
26.30	1677	44964	3.73%	27.00	25.25	26.35	22.20	26.75	23.75	24.50
26.35	1677	44964	3.73%	27.00	25.25	26.35	22.20	26.75	23.75	24.50
26.40	1661	44964	3.69%	27.00	25.25	26.50	22.25	26.75	23.75	24.50
26.45	1661	44964	3.69%	27.00	25.25	26.50	22.25	26.75	23.75	24.50
26.50	1661	44964	3.69%	27.00	25.25	26.50	22.25	26.75	23.75	24.50
26.55	1366	44964	3.04%	27.25	25.50	26.60	22.50	27.00	24.00	24.75
26.60	1366	44964	3.04%	27.25	25.50	26.60	22.50	27.00	24.00	24.75
26.65	1354	44964	3.01%	27.25	25.50	26.75	22.50	27.00	24.00	24.75
26.70	1354	44964	3.01%	27.25	25.50	26.75	22.50	27.00	24.00	24.75
26.75	1354	44964	3.01%	27.25	25.50	26.75	22.50	27.00	24.00	24.75
26.80	1064	44964	2.37%	27.50	25.75	26.85	23.25	27.10	24.25	25.00
26.85	1064	44964	2.37%	27.50	25.75	26.85	23.25	27.10	24.25	25.00
26.90	1055	44964	2.35%	27.50	25.75	27.00	23.25	27.25	24.25	25.00
26.95	1055	44964	2.35%	27.50	25.75	27.00	23.25	27.25	24.25	25.00
27.00	1055	44964	2.35%	27.50	25.75	27.00	23.25	27.25	24.25	25.00
27.05	802	44964	1.78%	27.75	26.25	27.10	23.50	27.25	24.75	25.25
27.10	802	44964	1.78%	27.75	26.25	27.10	23.50	27.25	24.75	25.25
27.15	795	44964	1.77%	27.75	26.25	27.25	23.50	27.25	24.75	25.25
27.20	795	44964	1.77%	27.75	26.25	27.25	23.50	27.25	24.75	25.25
27.25	795	44964	1.77%	27.75	26.25	27.25	23.50	27.25	24.75	25.25
27.30	615	44964	1.37%	28.00	26.50	27.35	24.00	27.50	25.00	25.50
27.35	615	44964	1.37%	28.00	26.50	27.35	24.00	27.50	25.00	25.50
27.40	613	44964	1.36%	28.00	26.50	27.50	24.00	27.50	25.00	25.50
27.45	613	44964	1.36%	28.00	26.50	27.50	24.00	27.50	25.00	25.50
27.50	613	44964	1.36%	28.00	26.50	27.50	24.00	27.50	25.00	25.50
27.55	454	44964	1.01%	28.00	26.75	27.60	24.25	27.75	25.25	25.75
27.60	454	44964	1.01%	28.00	26.75	27.60	24.25	27.75	25.25	25.75
27.65	448	44964	1.00%	28.00	26.75	27.75	24.25	27.75	25.25	25.75
27.70	448	44964	1.00%	28.00	26.75	27.75	24.25	27.75	25.25	25.75
27.75	448	44964	1.00%	28.00	26.75	27.75	24.25	27.75	25.25	25.75
27.80	311	44964	0.69%	28.25	27.00	28.00	24.75	28.00	25.50	26.25
27.85	311	44964	0.69%	28.25	27.00	28.00	24.75	28.00	25.50	26.25
27.90	311	44964	0.69%	28.25	27.00	28.00	24.75	28.00	25.50	26.25
27.95	311	44964	0.69%	28.25	27.00	28.00	24.75	28.00	25.50	26.25
28.00	311	44964	0.69%	28.25	27.00	28.00	24.75	28.00	25.50	26.25
28.05	204	44964	0.45%	28.50	27.25	28.10	25.00	28.25	25.75	26.50
28.10	204	44964	0.45%	28.50	27.25	28.10	25.00	28.25	25.75	26.50
28.15	202	44964	0.45%	28.50	27.25	28.25	25.00	28.25	25.75	26.50
28.20	202	44964	0.45%	28.50	27.25	28.25	25.00	28.25	25.75	26.50
28.25	202	44964	0.45%	28.50	27.25	28.25	25.00	28.25	25.75	26.50
28.30	121	44964	0.27%	28.75	27.75	28.50	25.50	28.25	26.25	27.00
28.35	121	44964	0.27%	28.75	27.75	28.50	25.50	28.25	26.25	27.00
28.40	121	44964	0.27%	28.75	27.75	28.50	25.50	28.25	26.25	27.00
28.45	121	44964	0.27%	28.75	27.75	28.50	25.50	28.25	26.25	27.00
28.50	121	44964	0.27%	28.75	27.75	28.50	25.50	28.25	26.25	27.00
28.55	72	44964	0.16%	29.00	28.00	28.60	25.75	28.50	26.50	27.50
28.60	72	44964	0.16%	29.00	28.00	28.60	25.75	28.50	26.50	27.50
28.65	70	44964	0.16%	29.00	28.00	28.75	25.75	28.50	26.50	27.50
28.70	70	44964	0.16%	29.00	28.00	28.75	25.75	28.50	26.50	27.50
28.75	70	44964	0.16%	29.00	28.00	28.75	25.75	28.50	26.50	27.50
28.80	33	44964	0.07%	29.25	28.25	29.00	26.00	28.75	26.75	27.75
28.85	33	44964	0.07%	29.25	28.25	29.00	26.00	28.75	26.75	27.75
28.90	33	44964	0.07%	29.25	28.25	29.00	26.00	28.75	26.75	27.75
28.95	33	44964	0.07%	29.25	28.25	29.00	26.00	28.75	26.75	27.75
29.00	33	44964	0.07%	29.25	28.25	29.00	26.00	28.75	26.75	27.75
29.05	13	44964	0.03%	29.50	28.75	29.25	27.00	29.00	27.25	28.25
29.10	13	44964	0.03%	29.50	28.75	29.25	27.00	29.00	27.25	28.25
29.15	13	44964	0.03%	29.50	28.75	29.25	27.00	29.00	27.25	28.25
29.20	13	44964	0.03%	29.50	28.75	29.25	27.00	29.00	27.25	28.25
29.25	13	44964	0.03%	29.50	28.75	29.25	27.00	29.00	27.25	28.25
29.30	8	44964	0.02%	29.75	29.00	29.50	27.00	29.25	27.50	28.50
29.35	8	44964	0.02%	29.75	29.00	29.50	27.00	29.25	27.50	28.50
29.40	8	44964	0.02%	29.75	29.00	29.50	27.00	29.25	27.50	28.50
29.45	8	44964	0.02%	29.75	29.00	29.50	27.00	29.25	27.50	28.50
29.50	8	44964	0.02%	29.75	29.00	29.50	27.00	29.25	27.50	28.50
29.55	2	44964	0.00%	30.00	29.50	29.75	27.00	29.50	27.75	29.00
29.60	2	44964	0.00%	30.00	29.50	29.75	27.00	29.50	27.75	29.00
29.65	2	44964	0.00%	30.00	29.50	29.75	27.00	29.50	27.75	29.00
29.70	2	44964	0.00%	30.00	29.50	29.75	27.00	29.50	27.75	29.00
29.75	2	44964	0.00%	30.00	29.50	29.75	27.00	29.50	27.75	29.00
29.80	1	44964	0.00%	30.00	29.50	30.00	27.00	29.50	28.00	29.00
29.85	1	44964	0.00%	30.00	29.50	30.00	27.00	29.50	28.00	29.00
29.90	1	44964	0.00%	30.00	29.50	30.00	27.00	29.50	28.00	29.00
29.95	1	44964	0.00%	30.00	29.50	30.00	27.00	29.50	28.00	29.00
30.00	1	44964	0.00%	30.00	29.50	30.00	27.00	29.50	28.00	29.00
