0.00	297377	297377	100.00%	1.70	5.50	4.05	5.55	0.50	3.50	4.20
0.05	297377	297377	100.00%	1.70	5.50	4.05	5.55	0.50	3.50	4.20
0.10	297377	297377	100.00%	1.70	5.50	4.05	5.55	0.50	3.50	4.20
0.15	297377	297377	100.00%	1.70	5.50	4.05	5.55	0.50	3.50	4.20
0.20	297377	297377	100.00%	1.70	5.50	4.05	5.55	0.50	3.50	4.20
0.25	297377	297377	100.00%	1.70	5.50	4.05	5.55	0.50	3.50	4.20
0.30	297377	297377	100.00%	1.70	5.50	4.05	5.55	0.50	3.50	4.20
0.35	297377	297377	100.00%	1.70	5.50	4.05	5.55	0.50	3.50	4.20
0.40	297377	297377	100.00%	1.70	5.50	4.05	5.55	0.50	3.50	4.20
0.45	297377	297377	100.00%	1.70	5.50	4.05	5.55	0.50	3.50	4.20
0.50	297377	297377	100.00%	1.70	5.50	4.05	5.55	0.50	3.50	4.20
0.55	297376	297377	100.00%	5.50	5.50	4.05	5.55	2.75	4.50	4.20
0.60	297376	297377	100.00%	5.50	5.50	4.05	5.55	2.75	4.50	4.20
0.65	297376	297377	100.00%	5.50	5.50	4.05	5.55	2.75	4.50	4.20
0.70	297376	297377	100.00%	5.50	5.50	4.05	5.55	2.75	4.50	4.20
0.75	297376	297377	100.00%	5.50	5.50	4.05	5.55	2.75	4.50	4.20
0.80	297376	297377	100.00%	5.50	5.50	4.05	5.55	2.75	4.50	4.20
0.85	297376	297377	100.00%	5.50	5.50	4.05	5.55	2.75	4.50	4.20
0.90	297376	297377	100.00%	5.50	5.50	4.05	5.55	2.75	4.50	4.20
0.95	297376	297377	100.00%	5.50	5.50	4.05	5.55	2.75	4.50	4.20
1.00	297376	297377	100.00%	5.50	5.50	4.05	5.55	2.75	4.50	4.20
1.05	297376	297377	100.00%	5.50	5.50	4.05	5.55	2.75	4.50	4.20
1.10	297376	297377	100.00%	5.50	5.50	4.05	5.55	2.75	4.50	4.20
1.15	297376	297377	100.00%	5.50	5.50	4.05	5.55	2.75	4.50	4.20
1.20	297376	297377	100.00%	5.50	5.50	4.05	5.55	2.75	4.50	4.20
1.25	297376	297377	100.00%	5.50	5.50	4.05	5.55	2.75	4.50	4.20
1.30	297376	297377	100.00%	5.50	5.50	4.05	5.55	2.75	4.50	4.20
1.35	297376	297377	100.00%	5.50	5.50	4.05	5.55	2.75	4.50	4.20
1.40	297376	297377	100.00%	5.50	5.50	4.05	5.55	2.75	4.50	4.20
1.45	297376	297377	100.00%	5.50	5.50	4.05	5.55	2.75	4.50	4.20
1.50	297376	297377	100.00%	5.50	5.50	4.05	5.55	2.75	4.50	4.20
1.55	297376	297377	100.00%	5.50	5.50	4.05	5.55	2.75	4.50	4.20
1.60	297376	297377	100.00%	5.50	5.50	4.05	5.55	2.75	4.50	4.20
1.65	297376	297377	100.00%	5.50	5.50	4.05	5.55	2.75	4.50	4.20
1.70	297376	297377	100.00%	5.50	5.50	4.05	5.55	2.75	4.50	4.20
1.75	297376	297377	100.00%	5.50	5.50	4.05	5.55	2.75	4.50	4.20
1.80	297376	297377	100.00%	5.50	5.50	4.05	5.55	2.75	4.50	4.20
1.85	297376	297377	100.00%	5.50	5.50	4.05	5.55	2.75	4.50	4.20
1.90	297376	297377	100.00%	5.50	5.50	4.05	5.55	2.75	4.50	4.20
1.95	297376	297377	100.00%	5.50	5.50	4.05	5.55	2.75	4.50	4.20
2.00	297376	297377	100.00%	5.50	5.50	4.05	5.55	2.75	4.50	4.20
2.05	297376	297377	100.00%	5.50	5.50	4.05	5.55	2.75	4.50	4.20
2.10	297376	297377	100.00%	5.50	5.50	4.05	5.55	2.75	4.50	4.20
2.15	297376	297377	100.00%	5.50	5.50	4.05	5.55	2.75	4.50	4.20
2.20	297376	297377	100.00%	5.50	5.50	4.05	5.55	2.75	4.50	4.20
2.25	297376	297377	100.00%	5.50	5.50	4.05	5.55	2.75	4.50	4.20
2.30	297376	297377	100.00%	5.50	5.50	4.05	5.55	2.75	4.50	4.20
2.35	297376	297377	100.00%	5.50	5.50	4.05	5.55	2.75	4.50	4.20
2.40	297376	297377	100.00%	5.50	5.50	4.05	5.55	2.75	4.50	4.20
2.45	297376	297377	100.00%	5.50	5.50	4.05	5.55	2.75	4.50	4.20
2.50	297376	297377	100.00%	5.50	5.50	4.05	5.55	2.75	4.50	4.20
2.55	297376	297377	100.00%	5.50	5.50	4.05	5.55	2.75	4.50	4.20
2.60	297376	297377	100.00%	5.50	5.50	4.05	5.55	2.75	4.50	4.20
2.65	297376	297377	100.00%	5.50	5.50	4.05	5.55	2.75	4.50	4.20
2.70	297376	297377	100.00%	5.50	5.50	4.05	5.55	2.75	4.50	4.20
2.75	297376	297377	100.00%	5.50	5.50	4.05	5.55	2.75	4.50	4.20
2.80	297375	297377	100.00%	5.50	5.80	4.05	5.55	2.90	4.95	4.20
2.85	297375	297377	100.00%	5.50	5.80	4.05	5.55	2.90	4.95	4.20
2.90	297375	297377	100.00%	5.50	5.80	4.05	5.55	2.90	4.95	4.20
2.95	297374	297377	100.00%	6.10	5.80	4.05	5.55	3.75	5.60	4.20
3.00	297374	297377	100.00%	6.10	5.80	4.05	5.55	3.75	5.60	4.20
3.05	297374	297377	100.00%	6.10	5.80	4.05	5.55	3.75	5.60	4.20
3.10	297374	297377	100.00%	6.10	5.80	4.05	5.55	3.75	5.60	4.20
3.15	297374	297377	100.00%	6.10	5.80	4.05	5.55	3.75	5.60	4.20
3.20	297374	297377	100.00%	6.10	5.80	4.05	5.55	3.75	5.60	4.20
3.25	297374	297377	100.00%	6.10	5.80	4.05	5.55	3.75	5.60	4.20
3.30	297374	297377	100.00%	6.10	5.80	4.05	5.55	3.75	5.60	4.20
3.35	297374	297377	100.00%	6.10	5.80	4.05	5.55	3.75	5.60	4.20
3.40	297374	297377	100.00%	6.10	5.80	4.05	5.55	3.75	5.60	4.20
3.45	297374	297377	100.00%	6.10	5.80	4.05	5.55	3.75	5.60	4.20
3.50	297374	297377	100.00%	6.10	5.80	4.05	5.55	3.75	5.60	4.20
3.55	297374	297377	100.00%	6.10	5.80	4.05	5.55	3.75	5.60	4.20
3.60	297374	297377	100.00%	6.10	5.80	4.05	5.55	3.75	5.60	4.20
3.65	297374	297377	100.00%	6.10	5.80	4.05	5.55	3.75	5.60	4.20
3.70	297374	297377	100.00%	6.10	5.80	4.05	5.55	3.75	5.60	4.20
3.75	297374	297377	100.00%	6.10	5.80	4.05	5.55	3.75	5.60	4.20
3.80	297373	297377	100.00%	6.10	6.30	5.50	5.55	3.95	5.70	4.20
3.85	297373	297377	100.00%	6.10	6.30	5.50	5.55	3.95	5.70	4.20
3.90	297373	297377	100.00%	6.10	6.30	5.50	5.55	3.95	5.70	4.20
3.95	297373	297377	100.00%	6.10	6.30	5.50	5.55	3.95	5.70	4.20
4.00	297372	297377	100.00%	6.15	6.30	5.50	5.55	4.15	5.75	4.20
4.05	297372	297377	100.00%	6.15	6.30	5.50	5.55	4.15	5.75	4.20
4.10	297372	297377	100.00%	6.15	6.30	5.50	5.55	4.15	5.75	4.20
4.15	297372	297377	100.00%	6.15	6.30	5.50	5.55	4.15	5.75	4.20
4.20	297371	297377	100.00%	6.15	6.35	5.50	5.55	4.35	6.10	4.20
4.25	297371	297377	100.00%	6.15	6.35	5.50	5.55	4.35	6.10	4.20
4.30	297371	297377	100.00%	6.15	6.35	5.50	5.55	4.35	6.10	4.20
4.35	297371	297377	100.00%	6.15	6.35	5.50	5.55	4.35	6.10	4.20
4.40	297370	297377	100.00%	6.15	6.35	5.50	5.55	4.50	6.20	5.15
4.45	297370	297377	100.00%	6.15	6.35	5.50	5.55	4.50	6.20	5.15
4.50	297370	297377	100.00%	6.15	6.35	5.50	5.55	4.50	6.20	5.15
4.55	297369	297377	100.00%	6.15	6.45	5.50	5.55	4.80	6.25	5.15
4.60	297369	297377	100.00%	6.15	6.45	5.50	5.55	4.80	6.25	5.15
4.65	297369	297377	100.00%	6.15	6.45	5.50	5.55	4.80	6.25	5.15
4.70	297369	297377	100.00%	6.15	6.45	5.50	5.55	4.80	6.25	5.15
4.75	297369	297377	100.00%	6.15	6.45	5.50	5.55	4.80	6.25	5.15
4.80	297369	297377	100.00%	6.15	6.45	5.50	5.55	4.80	6.25	5.15
4.85	297368	297377	100.00%	6.45	6.45	5.50	5.55	4.95	6.50	5.15
4.90	297368	297377	100.00%	6.45	6.45	5.50	5.55	4.95	6.50	5.15
4.95	297368	297377	100.00%	6.45	6.45	5.50	5.55	4.95	6.50	5.15
5.00	297366	297377	100.00%	6.45	6.50	5.70	5.55	5.05	6.60	5.15
5.05	297366	297377	100.00%	6.45	6.50	5.70	5.55	5.05	6.60	5.15
5.10	297365	297377	100.00%	6.50	6.85	5.70	5.55	5.10	6.70	5.15
5.15	297363	297377	100.00%	6.50	6.95	5.70	5.55	5.20	6.75	5.15
5.20	297363	297377	100.00%	6.50	6.95	5.70	5.55	5.20	6.75	5.15
5.25	297359	297377	99.99%	6.65	7.10	6.00	5.55	5.35	6.95	5.15
5.30	297359	297377	99.99%	6.65	7.10	6.00	5.55	5.35	6.95	5.15
5.35	297359	297377	99.99%	6.65	7.10	6.00	5.55	5.35	6.95	5.15
5.40	297358	297377	99.99%	6.65	7.10	6.00	5.55	5.45	7.10	5.80
5.45	297358	297377	99.99%	6.65	7.10	6.00	5.55	5.45	7.10	5.80
5.50	297357	297377	99.99%	6.70	7.10	6.00	5.55	5.60	7.10	5.80
5.55	297357	297377	99.99%	6.70	7.10	6.00	5.55	5.60	7.10	5.80
5.60	297357	297377	99.99%	6.70	7.10	6.00	5.55	5.60	7.10	5.80
5.65	297355	297377	99.99%	6.70	7.20	6.00	5.55	5.70	7.20	5.80
5.70	297355	297377	99.99%	6.70	7.20	6.00	5.55	5.70	7.20	5.80
5.75	297354	297377	99.99%	6.70	7.20	6.00	5.55	5.75	7.20	5.80
5.80	297352	297377	99.99%	6.75	7.20	6.10	5.55	5.80	7.25	5.80
5.85	297349	297377	99.99%	6.80	7.35	6.10	5.55	5.85	7.50	5.80
5.90	297345	297377	99.99%	6.85	7.35	6.15	5.55	5.95	7.60	5.95
5.95	297342	297377	99.99%	6.95	7.40	6.15	5.55	5.95	7.60	5.95
6.00	297338	297377	99.99%	7.00	7.45	6.15	5.80	6.00	7.70	5.95
6.05	297336	297377	99.99%	7.05	7.45	6.15	5.80	6.05	7.75	5.95
6.10	297333	297377	99.99%	7.05	7.50	6.25	5.80	6.10	7.85	6.30
6.15	297328	297377	99.98%	7.15	7.60	6.25	5.80	6.15	7.95	6.30
6.20	297319	297377	99.98%	7.20	7.70	6.35	5.80	6.20	8.05	6.45
6.25	297315	297377	99.98%	7.20	7.75	6.35	5.80	6.25	8.10	6.45
6.30	297314	297377	99.98%	7.20	7.75	6.40	5.80	6.30	8.10	6.45
6.35	297307	297377	99.98%	7.25	7.80	6.45	5.80	6.35	8.25	6.55
6.40	297295	297377	99.97%	7.30	7.85	6.55	5.80	6.45	8.35	6.70
6.45	297289	297377	99.97%	7.40	7.95	6.70	5.80	6.45	8.50	6.70
6.50	297285	297377	99.97%	7.40	7.95	6.75	5.80	6.50	8.55	6.80
6.55	297282	297377	99.97%	7.40	8.00	6.75	5.80	6.55	8.60	6.80
6.60	297278	297377	99.97%	7.45	8.05	6.80	5.80	6.60	8.60	6.80
6.65	297272	297377	99.96%	7.50	8.10	6.80	5.80	6.65	8.75	6.80
6.70	297262	297377	99.96%	7.55	8.10	6.85	6.30	6.70	8.85	6.80
6.75	297258	297377	99.96%	7.60	8.20	6.90	6.30	6.75	8.85	6.85
6.80	297255	297377	99.96%	7.60	8.20	6.90	6.30	6.80	8.85	6.85
6.85	297250	297377	99.96%	7.60	8.20	6.90	6.30	6.85	8.95	6.85
6.90	297236	297377	99.95%	7.70	8.30	6.95	6.30	6.90	9.00	6.95
6.95	297223	297377	99.95%	7.75	8.30	7.10	6.30	6.95	9.10	6.95
7.00	297216	297377	99.95%	7.80	8.35	7.10	6.30	7.00	9.10	6.95
7.05	297211	297377	99.94%	7.80	8.35	7.10	6.30	7.05	9.10	7.00
7.10	297204	297377	99.94%	7.85	8.35	7.15	6.30	7.10	9.10	7.00
7.15	297187	297377	99.94%	7.95	8.45	7.15	6.60	7.15	9.25	7.05
7.20	297175	297377	99.93%	7.95	8.45	7.20	6.60	7.20	9.35	7.15
7.25	297168	297377	99.93%	7.95	8.50	7.25	6.60	7.25	9.35	7.15
7.30	297158	297377	99.93%	8.00	8.55	7.25	6.60	7.30	9.35	7.35
7.35	297142	297377	99.92%	8.05	8.60	7.30	6.60	7.35	9.45	7.35
7.40	297115	297377	99.91%	8.15	8.60	7.40	6.65	7.40	9.50	7.45
7.45	297088	297377	99.90%	8.20	8.70	7.40	6.65	7.45	9.60	7.45
7.50	297077	297377	99.90%	8.20	8.75	7.45	6.65	7.50	9.60	7.45
7.55	297068	297377	99.90%	8.25	8.80	7.45	6.65	7.55	9.70	7.45
7.60	297051	297377	99.89%	8.30	8.80	7.45	7.20	7.60	9.70	7.55
7.65	297020	297377	99.88%	8.35	8.85	7.55	7.20	7.65	9.75	7.60
7.70	296992	297377	99.87%	8.40	8.95	7.60	7.20	7.70	9.85	7.70
7.75	296976	297377	99.87%	8.45	9.00	7.65	7.30	7.75	9.85	7.85
7.80	296966	297377	99.86%	8.45	9.05	7.65	7.30	7.80	9.95	7.85
7.85	296951	297377	99.86%	8.50	9.10	7.65	7.30	7.85	9.95	7.85
7.90	296919	297377	99.85%	8.55	9.15	7.70	7.35	7.90	10.00	7.95
7.95	296884	297377	99.83%	8.65	9.25	7.75	7.35	7.95	10.10	7.95
8.00	296870	297377	99.83%	8.70	9.25	7.80	7.35	8.00	10.10	7.95
8.05	296850	297377	99.82%	8.70	9.30	7.85	7.35	8.05	10.10	7.95
8.10	296831	297377	99.82%	8.75	9.35	7.90	7.45	8.10	10.20	8.05
8.15	296787	297377	99.80%	8.80	9.35	7.95	7.45	8.15	10.25	8.10
8.20	296775	297377	99.80%	8.85	9.45	7.95	7.55	8.20	10.25	8.10
8.25	296727	297377	99.78%	8.90	9.50	8.00	7.55	8.25	10.35	8.20
8.30	296705	297377	99.77%	8.95	9.55	8.05	7.70	8.30	10.35	8.20
8.35	296677	297377	99.76%	8.95	9.60	8.05	7.70	8.35	10.35	8.25
8.40	296605	297377	99.74%	9.05	9.60	8.10	7.85	8.40	10.50	8.35
8.45	296593	297377	99.74%	9.05	9.70	8.15	7.85	8.45	10.50	8.35
8.50	296528	297377	99.71%	9.10	9.75	8.20	7.85	8.50	10.60	8.45
8.55	296498	297377	99.70%	9.15	9.75	8.20	7.85	8.55	10.60	8.45
8.60	296463	297377	99.69%	9.20	9.80	8.25	7.90	8.60	10.70	8.50
8.65	296380	297377	99.66%	9.20	9.85	8.30	8.00	8.65	10.75	8.55
8.70	296372	297377	99.66%	9.20	9.85	8.30	8.00	8.70	10.75	8.55
8.75	296286	297377	99.63%	9.30	9.95	8.35	8.20	8.75	10.85	8.70
8.80	296254	297377	99.62%	9.35	10.00	8.35	8.20	8.80	10.85	8.70
8.85	296211	297377	99.61%	9.40	10.00	8.40	8.20	8.85	10.95	8.70
8.90	296120	297377	99.58%	9.45	10.10	8.45	8.20	8.90	11.00	8.75
8.95	296112	297377	99.57%	9.45	10.10	8.45	8.20	8.95	11.00	8.75
9.00	296012	297377	99.54%	9.55	10.10	8.55	8.20	9.00	11.10	8.85
9.05	295963	297377	99.52%	9.55	10.20	8.55	8.30	9.05	11.10	8.85
9.10	295905	297377	99.51%	9.60	10.20	8.55	8.30	9.10	11.10	8.85
9.15	295798	297377	99.47%	9.70	10.25	8.60	8.35	9.15	11.25	8.95
9.20	295774	297377	99.46%	9.70	10.30	8.65	8.50	9.20	11.25	8.95
9.25	295650	297377	99.42%	9.75	10.35	8.70	8.60	9.25	11.35	9.00
9.30	295608	297377	99.41%	9.80	10.35	8.75	8.60	9.30	11.35	9.05
9.35	295535	297377	99.38%	9.80	10.45	8.80	8.65	9.35	11.35	9.10
9.40	295401	297377	99.34%	9.90	10.50	8.85	8.70	9.40	11.50	9.10
9.45	295384	297377	99.33%	9.90	10.50	8.90	8.70	9.45	11.50	9.15
9.50	295251	297377	99.29%	9.95	10.60	8.95	8.75	9.50	11.50	9.25
9.55	295195	297377	99.27%	9.95	10.60	9.00	8.80	9.55	11.50	9.25
9.60	295114	297377	99.24%	10.00	10.60	9.05	8.80	9.60	11.60	9.30
9.65	294954	297377	99.19%	10.10	10.70	9.10	8.80	9.65	11.60	9.35
9.70	294940	297377	99.18%	10.10	10.70	9.10	8.80	9.70	11.70	9.35
9.75	294787	297377	99.13%	10.20	10.75	9.15	8.85	9.75	11.75	9.45
9.80	294715	297377	99.10%	10.20	10.80	9.20	8.85	9.80	11.75	9.50
9.85	294639	297377	99.08%	10.20	10.85	9.20	8.85	9.85	11.75	9.55
9.90	294467	297377	99.02%	10.30	10.85	9.30	8.95	9.90	11.85	9.60
9.95	294445	297377	99.01%	10.30	10.85	9.30	8.95	9.95	11.85	9.60
10.00	294258	297377	98.95%	10.35	10.95	9.35	9.00	10.00	11.95	9.70
10.05	294160	297377	98.92%	10.40	11.00	9.35	9.00	10.05	12.00	9.70
10.10	294073	297377	98.89%	10.45	11.00	9.40	9.00	10.10	12.00	9.75
10.15	293845	297377	98.81%	10.50	11.10	9.45	9.05	10.15	12.10	9.85
10.20	293823	297377	98.80%	10.50	11.10	9.45	9.05	10.20	12.10	9.85
10.25	293636	297377	98.74%	10.55	11.20	9.55	9.10	10.25	12.10	9.95
10.30	293526	297377	98.71%	10.60	11.20	9.55	9.10	10.30	12.20	9.95
10.35	293420	297377	98.67%	10.60	11.25	9.55	9.20	10.35	12.25	9.95
10.40	293178	297377	98.59%	10.70	11.30	9.65	9.25	10.40	12.25	10.00
10.45	293150	297377	98.58%	10.70	11.30	9.65	9.25	10.45	12.25	10.00
10.50	292908	297377	98.50%	10.75	11.35	9.70	9.35	10.50	12.35	10.10
10.55	292777	297377	98.45%	10.80	11.35	9.75	9.35	10.55	12.35	10.15
10.60	292679	297377	98.42%	10.80	11.45	9.80	9.35	10.60	12.35	10.20
10.65	292393	297377	98.32%	10.85	11.50	9.85	9.35	10.65	12.50	10.25
10.70	292357	297377	98.31%	10.90	11.50	9.85	9.35	10.70	12.50	10.25
10.75	292078	297377	98.22%	10.95	11.55	9.95	9.45	10.75	12.50	10.30
10.80	291913	297377	98.16%	11.00	11.60	9.95	9.45	10.80	12.60	10.35
10.85	291766	297377	98.11%	11.05	11.60	9.95	9.50	10.85	12.60	10.35
10.90	291405	297377	97.99%	11.10	11.75	10.05	9.55	10.90	12.70	10.45
10.95	291379	297377	97.98%	11.10	11.75	10.05	9.55	10.95	12.75	10.45
11.00	291054	297377	97.87%	11.20	11.75	10.10	9.60	11.00	12.75	10.50
11.05	290875	297377	97.81%	11.20	11.85	10.15	9.60	11.05	12.75	10.50
11.10	290747	297377	97.77%	11.25	11.85	10.20	9.60	11.10	12.75	10.55
11.15	290363	297377	97.64%	11.35	11.95	10.20	9.70	11.15	12.85	10.60
11.20	290338	297377	97.63%	11.35	11.95	10.20	9.70	11.20	12.85	10.60
11.25	290027	297377	97.53%	11.40	12.00	10.30	9.70	11.25	12.95	10.70
11.30	289767	297377	97.44%	11.45	12.00	10.35	9.75	11.30	13.00	10.75
11.35	289636	297377	97.40%	11.45	12.05	10.35	9.80	11.35	13.00	10.75
11.40	289189	297377	97.25%	11.55	12.10	10.45	9.85	11.40	13.00	10.85
11.45	289150	297377	97.23%	11.55	12.10	10.45	9.85	11.45	13.05	10.85
11.50	288777	297377	97.11%	11.60	12.20	10.45	9.90	11.50	13.10	10.85
11.55	288502	297377	97.02%	11.60	12.25	10.55	9.95	11.55	13.20	10.95
11.60	288338	297377	96.96%	11.70	12.25	10.55	9.95	11.60	13.25	10.95
11.65	287857	297377	96.80%	11.75	12.35	10.65	9.95	11.65	13.25	11.05
11.70	287833	297377	96.79%	11.75	12.35	10.65	9.95	11.70	13.25	11.05
11.75	287418	297377	96.65%	11.80	12.35	10.70	10.10	11.75	13.25	11.10
11.80	287117	297377	96.55%	11.85	12.45	10.75	10.10	11.80	13.35	11.10
11.85	286948	297377	96.49%	11.85	12.45	10.80	10.20	11.85	13.35	11.20
11.90	286388	297377	96.30%	11.95	12.50	10.85	10.20	11.90	13.45	11.25
11.95	286361	297377	96.30%	11.95	12.50	10.85	10.20	11.95	13.45	11.25
12.00	285860	297377	96.13%	12.00	12.60	10.90	10.25	12.00	13.50	11.30
12.05	285505	297377	96.01%	12.05	12.60	10.95	10.25	12.05	13.50	11.35
12.10	285355	297377	95.96%	12.10	12.60	10.95	10.25	12.10	13.50	11.35
12.15	284753	297377	95.75%	12.20	12.75	11.05	10.35	12.15	13.60	11.45
12.20	284731	297377	95.75%	12.20	12.75	11.05	10.35	12.20	13.60	11.45
12.25	284265	297377	95.59%	12.20	12.75	11.10	10.35	12.25	13.60	11.50
12.30	283863	297377	95.46%	12.25	12.85	11.10	10.45	12.30	13.75	11.50
12.35	283684	297377	95.40%	12.30	12.85	11.15	10.45	12.35	13.75	11.55
12.40	282969	297377	95.15%	12.35	12.95	11.20	10.50	12.40	13.75	11.60
12.45	282939	297377	95.14%	12.35	12.95	11.20	10.50	12.45	13.75	11.60
12.50	282400	297377	94.96%	12.45	13.00	11.30	10.55	12.50	13.85	11.60
12.55	281924	297377	94.80%	12.50	13.00	11.35	10.60	12.55	13.85	11.70
12.60	281767	297377	94.75%	12.50	13.00	11.35	10.60	12.60	13.85	11.75
12.65	281000	297377	94.49%	12.60	13.10	11.45	10.70	12.65	14.00	11.80
12.70	280978	297377	94.49%	12.60	13.10	11.45	10.70	12.70	14.00	11.80
12.75	280373	297377	94.28%	12.65	13.20	11.45	10.70	12.75	14.00	11.85
12.80	279849	297377	94.11%	12.70	13.25	11.55	10.75	12.80	14.00	11.95
12.85	279677	297377	94.05%	12.70	13.25	11.55	10.75	12.85	14.10	11.95
12.90	278805	297377	93.75%	12.80	13.30	11.60	10.85	12.90	14.10	12.00
12.95	278782	297377	93.75%	12.80	13.35	11.60	10.85	12.95	14.10	12.00
13.00	278119	297377	93.52%	12.85	13.35	11.70	10.85	13.00	14.25	12.10
13.05	277594	297377	93.35%	12.95	13.35	11.75	10.90	13.05	14.25	12.10
13.10	277421	297377	93.29%	12.95	13.45	11.75	10.95	13.10	14.25	12.10
13.15	276478	297377	92.97%	13.00	13.50	11.85	10.95	13.15	14.25	12.20
13.20	276464	297377	92.97%	13.00	13.50	11.85	10.95	13.20	14.25	12.20
13.25	275775	297377	92.74%	13.10	13.50	11.95	11.00	13.25	14.35	12.25
13.30	275109	297377	92.51%	13.10	13.60	11.95	11.10	13.30	14.45	12.35
13.35	274939	297377	92.45%	13.10	13.60	11.95	11.10	13.35	14.50	12.35
13.40	273906	297377	92.11%	13.20	13.75	12.05	11.10	13.40	14.50	12.40
13.45	273875	297377	92.10%	13.20	13.75	12.05	11.10	13.45	14.50	12.45
13.50	273125	297377	91.84%	13.30	13.75	12.10	11.20	13.50	14.50	12.50
13.55	272477	297377	91.63%	13.35	13.85	12.20	11.25	13.55	14.60	12.50
13.60	272324	297377	91.58%	13.35	13.85	12.20	11.25	13.60	14.60	12.55
13.65	271196	297377	91.20%	13.45	13.85	12.25	11.35	13.65	14.70	12.60
13.70	271175	297377	91.19%	13.45	13.85	12.25	11.35	13.70	14.70	12.60
13.75	270363	297377	90.92%	13.50	14.00	12.30	11.35	13.75	14.75	12.70
13.80	269627	297377	90.67%	13.55	14.00	12.35	11.45	13.80	14.75	12.75
13.85	269466	297377	90.61%	13.60	14.00	12.35	11.45	13.85	14.75	12.75
13.90	268290	297377	90.22%	13.60	14.10	12.45	11.50	13.90	14.75	12.80
13.95	268263	297377	90.21%	13.60	14.10	12.45	11.50	13.95	14.75	12.80
14.00	267454	297377	89.94%	13.70	14.10	12.50	11.50	14.00	14.85	12.85
14.05	266604	297377	89.65%	13.75	14.25	12.55	11.60	14.05	14.95	12.85
14.10	266411	297377	89.59%	13.80	14.25	12.55	11.60	14.10	15.00	12.85
14.15	265145	297377	89.16%	13.85	14.25	12.65	11.60	14.15	15.00	13.00
14.20	265119	297377	89.15%	13.85	14.25	12.65	11.60	14.20	15.00	13.00
14.25	264286	297377	88.87%	13.95	14.35	12.70	11.70	14.25	15.00	13.00
14.30	263330	297377	88.55%	14.00	14.35	12.75	11.70	14.30	15.10	13.10
14.35	263138	297377	88.49%	14.00	14.45	12.75	11.70	14.35	15.10	13.10
14.40	261770	297377	88.03%	14.10	14.50	12.85	11.80	14.40	15.20	13.20
14.45	261749	297377	88.02%	14.10	14.50	12.85	11.80	14.45	15.20	13.20
14.50	260823	297377	87.71%	14.10	14.50	12.95	11.85	14.50	15.25	13.25
14.55	259878	297377	87.39%	14.20	14.60	12.95	11.85	14.55	15.25	13.25
14.60	259691	297377	87.33%	14.20	14.60	12.95	11.85	14.60	15.25	13.25
14.65	258236	297377	86.84%	14.35	14.75	13.10	11.95	14.65	15.25	13.35
14.70	258209	297377	86.83%	14.35	14.75	13.10	11.95	14.70	15.25	13.35
14.75	257253	297377	86.51%	14.35	14.75	13.10	11.95	14.75	15.35	13.35
14.80	256186	297377	86.15%	14.45	14.75	13.20	12.00	14.80	15.45	13.45
14.85	256012	297377	86.09%	14.45	14.80	13.20	12.00	14.85	15.50	13.45
14.90	254454	297377	85.57%	14.50	14.85	13.30	12.10	14.90	15.50	13.50
14.95	254427	297377	85.56%	14.55	14.85	13.30	12.10	14.95	15.50	13.50
15.00	253444	297377	85.23%	14.60	15.00	13.35	12.10	15.00	15.50	13.60
15.05	252234	297377	84.82%	14.70	15.00	13.45	12.20	15.05	15.50	13.60
15.10	252052	297377	84.76%	14.70	15.00	13.45	12.20	15.10	15.50	13.60
15.15	250381	297377	84.20%	14.75	15.10	13.50	12.20	15.15	15.60	13.75
15.20	250359	297377	84.19%	14.75	15.10	13.50	12.20	15.20	15.60	13.75
15.25	249323	297377	83.84%	14.85	15.10	13.60	12.25	15.25	15.75	13.75
15.30	248049	297377	83.41%	14.85	15.25	13.60	12.35	15.30	15.75	13.85
15.35	247869	297377	83.35%	14.85	15.25	13.65	12.35	15.35	15.75	13.85
15.40	246095	297377	82.76%	15.00	15.25	13.75	12.35	15.40	15.75	13.85
15.45	246077	297377	82.75%	15.00	15.25	13.75	12.35	15.45	15.75	13.85
15.50	245013	297377	82.39%	15.05	15.35	13.80	12.35	15.50	15.85	13.95
15.55	243711	297377	81.95%	15.10	15.35	13.85	12.45	15.55	15.85	14.00
15.60	243547	297377	81.90%	15.10	15.45	13.85	12.45	15.60	15.85	14.00
15.65	241700	297377	81.28%	15.25	15.50	13.95	12.50	15.65	16.00	14.10
15.70	241688	297377	81.27%	15.25	15.50	13.95	12.50	15.70	16.00	14.10
15.75	240589	297377	80.90%	15.25	15.50	14.00	12.60	15.75	16.00	14.10
15.80	239263	297377	80.46%	15.35	15.60	14.10	12.60	15.80	16.00	14.20
15.85	239062	297377	80.39%	15.35	15.60	14.10	12.60	15.85	16.00	14.25
15.90	237174	297377	79.76%	15.45	15.75	14.20	12.70	15.90	16.10	14.25
15.95	237142	297377	79.74%	15.45	15.75	14.20	12.70	15.95	16.10	14.25
16.00	236082	297377	79.39%	15.50	15.75	14.25	12.70	16.00	16.25	14.35
16.05	234638	297377	78.90%	15.60	15.75	14.35	12.75	16.05	16.25	14.35
16.10	234444	297377	78.84%	15.60	15.75	14.35	12.75	16.10	16.25	14.35
16.15	232438	297377	78.16%	15.70	15.85	14.45	12.85	16.15	16.25	14.50
16.20	232385	297377	78.14%	15.70	15.85	14.45	12.85	16.20	16.25	14.50
16.25	231297	297377	77.78%	15.75	16.00	14.45	12.85	16.25	16.25	14.50
16.30	229769	297377	77.27%	15.80	16.00	14.55	12.95	16.30	16.35	14.60
16.35	229604	297377	77.21%	15.85	16.00	14.55	12.95	16.35	16.35	14.60
16.40	227610	297377	76.54%	15.85	16.10	14.70	13.00	16.40	16.50	14.60
16.45	227543	297377	76.52%	15.95	16.10	14.70	13.00	16.45	16.50	14.60
16.50	226489	297377	76.16%	15.95	16.10	14.70	13.00	16.50	16.50	14.70
16.55	224849	297377	75.61%	16.00	16.25	14.75	13.10	16.55	16.50	14.75
16.60	224678	297377	75.55%	16.05	16.25	14.80	13.10	16.60	16.50	14.75
16.65	222627	297377	74.86%	16.10	16.25	14.85	13.10	16.65	16.60	14.85
16.70	222579	297377	74.85%	16.10	16.25	14.85	13.10	16.70	16.60	14.85
16.75	221484	297377	74.48%	16.20	16.35	14.95	13.20	16.75	16.60	14.85
16.80	219709	297377	73.88%	16.25	16.35	15.00	13.25	16.80	16.75	14.95
16.85	219547	297377	73.83%	16.25	16.45	15.00	13.25	16.85	16.75	15.00
16.90	217335	297377	73.08%	16.35	16.50	15.10	13.35	16.90	16.75	15.00
16.95	217288	297377	73.07%	16.35	16.50	15.10	13.35	16.95	16.75	15.00
17.00	216264	297377	72.72%	16.45	16.50	15.20	13.35	17.00	16.75	15.10
17.05	214355	297377	72.08%	16.50	16.60	15.25	13.45	17.05	16.85	15.10
17.10	214180	297377	72.02%	16.50	16.60	15.25	13.45	17.10	16.85	15.10
17.15	212057	297377	71.31%	16.60	16.75	15.35	13.50	17.15	16.95	15.25
17.20	212024	297377	71.30%	16.60	16.75	15.35	13.50	17.20	16.95	15.25
17.25	210985	297377	70.95%	16.65	16.75	15.35	13.55	17.25	17.00	15.25
17.30	209026	297377	70.29%	16.75	16.75	15.50	13.60	17.30	17.00	15.25
17.35	208888	297377	70.24%	16.75	16.75	15.50	13.60	17.35	17.00	15.30
17.40	206644	297377	69.49%	16.85	16.85	15.60	13.70	17.40	17.00	15.35
17.45	206611	297377	69.48%	16.85	16.85	15.60	13.70	17.45	17.00	15.35
17.50	205583	297377	69.13%	16.85	17.00	15.60	13.75	17.50	17.10	15.45
17.55	203578	297377	68.46%	17.00	17.00	15.70	13.75	17.55	17.10	15.50
17.60	203428	297377	68.41%	17.00	17.00	15.70	13.80	17.60	17.10	15.50
17.65	201165	297377	67.65%	17.10	17.10	15.85	13.85	17.65	17.25	15.60
17.70	201131	297377	67.64%	17.10	17.10	15.85	13.85	17.70	17.25	15.60
17.75	200164	297377	67.31%	17.10	17.10	15.85	13.85	17.75	17.25	15.60
17.80	197969	297377	66.57%	17.25	17.25	15.95	14.00	17.80	17.25	15.75
17.85	197837	297377	66.53%	17.25	17.25	15.95	14.00	17.85	17.25	15.75
17.90	195475	297377	65.73%	17.35	17.25	16.05	14.00	17.90	17.35	15.75
17.95	195449	297377	65.72%	17.35	17.25	16.10	14.00	17.95	17.35	15.75
18.00	194486	297377	65.40%	17.35	17.25	16.10	14.10	18.00	17.35	15.85
18.05	192240	297377	64.65%	17.45	17.35	16.20	14.10	18.05	17.50	15.85
18.10	192097	297377	64.60%	17.50	17.35	16.20	14.10	18.10	17.50	15.85
18.15	189703	297377	63.79%	17.55	17.50	16.25	14.25	18.15	17.50	16.00
18.20	189678	297377	63.78%	17.55	17.50	16.30	14.25	18.20	17.50	16.00
18.25	188760	297377	63.47%	17.60	17.50	16.35	14.25	18.25	17.50	16.00
18.30	186324	297377	62.66%	17.70	17.60	16.45	14.35	18.30	17.60	16.10
18.35	186227	297377	62.62%	17.75	17.60	16.45	14.35	18.35	17.60	16.10
18.40	183851	297377	61.82%	17.75	17.75	16.50	14.35	18.40	17.75	16.20
18.45	183826	297377	61.82%	17.75	17.75	16.50	14.35	18.45	17.75	16.20
18.50	182931	297377	61.51%	17.85	17.75	16.60	14.45	18.50	17.75	16.25
18.55	180481	297377	60.69%	17.95	17.75	16.60	14.50	18.55	17.75	16.25
18.60	180359	297377	60.65%	17.95	17.75	16.70	14.50	18.60	17.75	16.25
18.65	178090	297377	59.89%	18.00	17.85	16.75	14.60	18.65	17.75	16.35
18.70	178061	297377	59.88%	18.00	17.85	16.75	14.60	18.70	17.75	16.35
18.75	177218	297377	59.59%	18.10	17.85	16.80	14.60	18.75	17.75	16.45
18.80	174664	297377	58.73%	18.20	18.00	16.85	14.60	18.80	18.00	16.50
18.85	174583	297377	58.71%	18.20	18.00	16.85	14.60	18.85	18.00	16.50
18.90	172215	297377	57.91%	18.25	18.00	17.00	14.75	18.90	18.00	16.50
18.95	172184	297377	57.90%	18.25	18.00	17.00	14.75	18.95	18.00	16.55
19.00	171328	297377	57.61%	18.25	18.10	17.00	14.75	19.00	18.00	16.60
19.05	168503	297377	56.66%	18.45	18.25	17.20	14.85	19.05	18.00	16.75
19.10	168406	297377	56.63%	18.45	18.25	17.20	14.85	19.10	18.00	16.75
19.15	166079	297377	55.85%	18.50	18.25	17.25	14.95	19.15	18.10	16.75
19.20	166061	297377	55.84%	18.50	18.25	17.25	14.95	19.20	18.10	16.75
19.25	165351	297377	55.60%	18.50	18.25	17.30	14.95	19.25	18.10	16.75
19.30	162485	297377	54.64%	18.70	18.35	17.45	15.00	19.30	18.25	16.85
19.35	162414	297377	54.62%	18.70	18.35	17.45	15.00	19.35	18.25	16.85
19.40	160052	297377	53.82%	18.75	18.50	17.50	15.10	19.40	18.25	17.00
19.45	160026	297377	53.81%	18.75	18.50	17.50	15.10	19.45	18.25	17.00
19.50	159307	297377	53.57%	18.75	18.50	17.60	15.10	19.50	18.25	17.00
19.55	156341	297377	52.57%	19.00	18.50	17.70	15.20	19.55	18.35	17.10
19.60	156267	297377	52.55%	19.00	18.50	17.70	15.25	19.60	18.35	17.10
19.65	154020	297377	51.79%	19.00	18.70	17.80	15.25	19.65	18.50	17.25
19.70	154006	297377	51.79%	19.00	18.70	17.80	15.25	19.70	18.50	17.25
19.75	153394	297377	51.58%	19.00	18.75	17.85	15.25	19.75	18.50	17.25
19.80	150371	297377	50.57%	19.25	18.75	17.95	15.35	19.80	18.50	17.25
19.85	150319	297377	50.55%	19.25	18.75	18.00	15.35	19.85	18.50	17.25
19.90	147968	297377	49.76%	19.25	18.85	18.10	15.45	19.90	18.50	17.35
19.95	147947	297377	49.75%	19.25	18.85	18.10	15.45	19.95	18.50	17.35
20.00	147368	297377	49.56%	19.25	18.85	18.10	15.50	20.00	18.50	17.35
20.05	144084	297377	48.45%	19.50	19.00	18.25	15.60	20.05	18.75	17.50
20.10	144038	297377	48.44%	19.50	19.00	18.25	15.60	20.10	18.75	17.50
20.15	141857	297377	47.70%	19.50	19.00	18.35	15.60	20.15	18.75	17.50
20.20	141838	297377	47.70%	19.50	19.00	18.35	15.60	20.20	18.75	17.50
20.25	141285	297377	47.51%	19.50	19.00	18.35	15.60	20.25	18.75	17.60
20.30	137951	297377	46.39%	19.75	19.25	18.50	15.75	20.30	18.75	17.75
20.35	137896	297377	46.37%	19.75	19.25	18.50	15.75	20.35	18.75	17.75
20.40	135776	297377	45.66%	19.75	19.25	18.60	15.80	20.40	18.85	17.75
20.45	135765	297377	45.65%	19.75	19.25	18.60	15.80	20.45	18.85	17.75
20.50	135272	297377	45.49%	19.75	19.25	18.60	15.85	20.50	18.85	17.75
20.55	131866	297377	44.34%	20.00	19.35	18.75	15.95	20.55	19.00	17.85
20.60	131831	297377	44.33%	20.00	19.35	18.75	15.95	20.60	19.00	17.85
20.65	129804	297377	43.65%	20.00	19.50	18.85	16.00	20.65	19.00	18.00
20.70	129791	297377	43.65%	20.00	19.50	18.85	16.00	20.70	19.00	18.00
20.75	129353	297377	43.50%	20.00	19.50	18.85	16.00	20.75	19.00	18.00
20.80	125849	297377	42.32%	20.25	19.50	19.05	16.10	20.80	19.10	18.10
20.85	125816	297377	42.31%	20.25	19.50	19.05	16.10	20.85	19.10	18.10
20.90	123828	297377	41.64%	20.25	19.75	19.10	16.10	20.92	19.25	18.25
20.95	123817	297377	41.64%	20.25	19.75	19.10	16.10	20.95	19.25	18.25
21.00	123403	297377	41.50%	20.25	19.75	19.20	16.10	21.00	19.25	18.25
21.05	119851	297377	40.30%	20.50	19.75	19.35	16.25	21.05	19.25	18.25
21.10	119821	297377	40.29%	20.50	19.75	19.35	16.25	21.10	19.25	18.25
21.15	117851	297377	39.63%	20.50	19.85	19.35	16.35	21.15	19.25	18.35
21.20	117845	297377	39.63%	20.50	19.85	19.40	16.35	21.20	19.25	18.35
21.25	117499	297377	39.51%	20.50	19.85	19.45	16.35	21.25	19.25	18.35
21.30	113701	297377	38.23%	20.75	20.00	19.60	16.50	21.30	19.50	18.50
21.35	113678	297377	38.23%	20.75	20.00	19.60	16.50	21.35	19.50	18.50
21.40	111844	297377	37.61%	20.85	20.00	19.75	16.50	21.40	19.50	18.60
21.45	111831	297377	37.61%	20.85	20.00	19.75	16.50	21.45	19.50	18.60
21.50	111525	297377	37.50%	20.85	20.00	19.75	16.50	21.50	19.50	18.60
21.55	107597	297377	36.18%	21.00	20.25	19.95	16.70	21.55	19.60	18.75
21.60	107580	297377	36.18%	21.00	20.25	19.95	16.70	21.60	19.60	18.75
21.65	105850	297377	35.59%	21.10	20.25	20.00	16.75	21.65	19.75	18.75
21.70	105835	297377	35.59%	21.10	20.25	20.00	16.75	21.70	19.75	18.75
21.75	105598	297377	35.51%	21.10	20.25	20.00	16.75	21.75	19.75	18.75
21.80	101683	297377	34.19%	21.25	20.50	20.25	16.85	21.80	19.75	19.00
21.85	101663	297377	34.19%	21.25	20.50	20.25	16.85	21.85	19.75	19.00
21.90	99950	297377	33.61%	21.35	20.50	20.25	16.95	21.91	19.75	19.00
21.95	99940	297377	33.61%	21.35	20.50	20.25	16.95	21.95	19.75	19.00
22.00	99680	297377	33.52%	21.35	20.50	20.25	16.95	22.00	19.75	19.00
22.05	95752	297377	32.20%	21.50	20.60	20.50	17.10	22.05	20.00	19.25
22.10	95741	297377	32.20%	21.50	20.60	20.50	17.10	22.10	20.00	19.25
22.15	94279	297377	31.70%	21.60	20.75	20.60	17.10	22.16	20.00	19.25
22.20	94265	297377	31.70%	21.70	20.75	20.60	17.10	22.20	20.00	19.25
22.25	94060	297377	31.63%	21.75	20.75	20.60	17.10	22.25	20.00	19.25
22.30	89928	297377	30.24%	21.85	20.85	20.75	17.25	22.30	20.10	19.50
22.35	89916	297377	30.24%	21.85	20.85	20.75	17.25	22.35	20.10	19.50
22.40	88396	297377	29.73%	22.00	21.00	20.85	17.35	22.40	20.25	19.50
22.45	88386	297377	29.72%	22.00	21.00	20.85	17.35	22.45	20.25	19.50
22.50	88224	297377	29.67%	22.00	21.00	20.85	17.35	22.50	20.25	19.50
22.55	84180	297377	28.31%	22.10	21.00	21.10	17.50	22.55	20.25	19.75
22.60	84168	297377	28.30%	22.10	21.00	21.10	17.50	22.60	20.25	19.75
22.65	82821	297377	27.85%	22.25	21.10	21.25	17.50	22.66	20.25	19.75
22.70	82810	297377	27.85%	22.25	21.10	21.25	17.50	22.70	20.25	19.75
22.75	82658	297377	27.80%	22.25	21.10	21.25	17.50	22.75	20.25	19.75
22.80	78526	297377	26.41%	22.50	21.25	21.50	17.75	22.80	20.50	19.95
22.85	78516	297377	26.40%	22.50	21.25	21.50	17.75	22.85	20.50	19.95
22.90	77316	297377	26.00%	22.50	21.25	21.50	17.75	22.90	20.50	20.00
22.95	77304	297377	26.00%	22.50	21.25	21.50	17.75	22.95	20.50	20.00
23.00	77176	297377	25.95%	22.50	21.35	21.50	17.75	23.00	20.50	20.00
23.05	72922	297377	24.52%	22.75	21.50	21.75	18.00	23.05	20.60	20.25
23.10	72913	297377	24.52%	22.75	21.50	21.75	18.00	23.10	20.60	20.25
23.15	71780	297377	24.14%	22.75	21.50	21.85	18.00	23.16	20.75	20.25
23.20	71768	297377	24.13%	22.75	21.50	21.85	18.00	23.20	20.75	20.25
23.25	71696	297377	24.11%	22.75	21.50	21.85	18.00	23.25	20.75	20.25
23.30	67401	297377	22.67%	23.00	21.75	22.10	18.20	23.30	20.75	20.50
23.35	67392	297377	22.66%	23.00	21.75	22.10	18.20	23.35	20.75	20.50
23.40	66374	297377	22.32%	23.00	21.75	22.25	18.25	23.41	20.75	20.50
23.45	66366	297377	22.32%	23.00	21.75	22.25	18.25	23.45	20.75	20.50
23.50	66294	297377	22.29%	23.00	21.75	22.25	18.25	23.50	20.75	20.50
23.55	62009	297377	20.85%	23.25	22.00	22.50	18.50	23.58	21.00	20.75
23.60	62000	297377	20.85%	23.25	22.00	22.50	18.50	23.60	21.00	20.75
23.65	61120	297377	20.55%	23.35	22.00	22.50	18.50	23.65	21.00	20.75
23.70	61110	297377	20.55%	23.35	22.00	22.50	18.50	23.70	21.00	20.75
23.75	61068	297377	20.54%	23.35	22.00	22.50	18.50	23.75	21.00	20.75
23.80	56780	297377	19.09%	23.60	22.25	22.75	18.75	23.80	21.25	21.00
23.85	56774	297377	19.09%	23.60	22.25	22.75	18.75	23.85	21.25	21.00
23.90	56041	297377	18.85%	23.75	22.25	22.75	18.75	23.91	21.25	21.00
23.95	56032	297377	18.84%	23.75	22.25	22.75	18.75	23.95	21.25	21.00
24.00	55981	297377	18.82%	23.75	22.25	22.75	18.75	24.00	21.25	21.00
24.05	51899	297377	17.45%	24.00	22.50	23.00	19.00	24.05	21.35	21.25
24.10	51895	297377	17.45%	24.00	22.50	23.00	19.00	24.10	21.35	21.25
24.15	51206	297377	17.22%	24.00	22.50	23.10	19.00	24.15	21.50	21.25
24.20	51200	297377	17.22%	24.00	22.50	23.10	19.00	24.20	21.50	21.25
24.25	51172	297377	17.21%	24.00	22.50	23.10	19.00	24.25	21.50	21.25
24.30	47033	297377	15.82%	24.25	22.75	23.35	19.25	24.33	21.50	21.50
24.35	47028	297377	15.81%	24.25	22.75	23.35	19.25	24.35	21.50	21.50
24.40	46421	297377	15.61%	24.25	22.75	23.50	19.25	24.41	21.50	21.50
24.45	46416	297377	15.61%	24.25	22.75	23.50	19.25	24.45	21.50	21.50
24.50	46385	297377	15.60%	24.25	22.75	23.50	19.25	24.50	21.50	21.50
24.55	42161	297377	14.18%	24.50	23.00	23.75	19.50	24.60	21.75	21.75
24.60	42161	297377	14.18%	24.50	23.00	23.75	19.50	24.60	21.75	21.75
24.65	41618	297377	14.00%	24.50	23.00	23.75	19.50	24.67	21.75	21.75
24.70	41610	297377	13.99%	24.50	23.00	23.75	19.50	24.70	21.75	21.75
24.75	41598	297377	13.99%	24.50	23.00	23.75	19.50	24.75	21.75	21.75
24.80	37512	297377	12.61%	24.75	23.25	24.00	19.75	24.83	22.00	22.00
24.85	37506	297377	12.61%	24.75	23.25	24.00	19.75	24.85	22.00	22.00
24.90	37071	297377	12.47%	24.75	23.25	24.00	19.75	24.92	22.00	22.00
24.95	37068	297377	12.46%	24.75	23.25	24.00	19.75	24.95	22.00	22.00
25.00	37055	297377	12.46%	24.75	23.25	24.00	19.75	25.00	22.00	22.00
25.05	33193	297377	11.16%	25.10	23.50	24.35	20.00	25.05	22.25	22.25
25.10	33188	297377	11.16%	25.10	23.50	24.35	20.00	25.10	22.25	22.25
25.15	32811	297377	11.03%	25.25	23.50	24.50	20.00	25.16	22.25	22.25
25.20	32806	297377	11.03%	25.25	23.50	24.50	20.00	25.20	22.25	22.25
25.25	32796	297377	11.03%	25.25	23.50	24.50	20.00	25.25	22.25	22.25
25.30	28967	297377	9.74%	25.50	23.75	24.75	20.25	25.33	22.50	22.50
25.35	28962	297377	9.74%	25.50	23.75	24.75	20.25	25.35	22.50	22.50
25.40	28699	297377	9.65%	25.50	23.75	24.75	20.25	25.42	22.50	22.50
25.45	28692	297377	9.65%	25.50	23.75	24.75	20.25	25.45	22.50	22.50
25.50	28689	297377	9.65%	25.50	23.75	24.75	20.25	25.50	22.50	22.60
25.55	25036	297377	8.42%	25.75	24.00	25.00	20.60	25.58	22.75	23.00
25.60	25033	297377	8.42%	25.75	24.00	25.00	20.60	25.60	22.75	23.00
25.65	24796	297377	8.34%	25.75	24.00	25.00	20.60	25.66	22.75	23.00
25.70	24794	297377	8.34%	25.75	24.00	25.00	20.60	25.70	22.75	23.00
25.75	24789	297377	8.34%	25.75	24.00	25.00	20.60	25.75	22.75	23.00
25.80	21236	297377	7.14%	26.00	24.25	25.35	21.00	25.83	23.00	23.25
25.85	21231	297377	7.14%	26.00	24.25	25.35	21.00	25.85	23.00	23.25
25.90	21050	297377	7.08%	26.00	24.25	25.35	21.00	25.92	23.00	23.25
25.95	21047	297377	7.08%	26.00	24.25	25.35	21.00	25.95	23.00	23.25
26.00	21044	297377	7.08%	26.00	24.25	25.35	21.00	26.00	23.00	23.25
26.05	17812	297377	5.99%	26.25	24.50	25.75	21.35	26.08	23.25	23.50
26.10	17809	297377	5.99%	26.25	24.50	25.75	21.35	26.10	23.25	23.50
26.15	17669	297377	5.94%	26.25	24.50	25.75	21.35	26.16	23.25	23.50
26.20	17665	297377	5.94%	26.25	24.50	25.75	21.35	26.20	23.25	23.50
26.25	17664	297377	5.94%	26.25	24.50	25.75	21.35	26.25	23.25	23.50
26.30	14625	297377	4.92%	26.50	25.00	26.00	21.75	26.33	23.50	24.00
26.35	14624	297377	4.92%	26.50	25.00	26.00	21.75	26.35	23.50	24.00
26.40	14525	297377	4.88%	26.75	25.00	26.00	21.75	26.41	23.50	24.00
26.45	14521	297377	4.88%	26.75	25.00	26.00	21.75	26.50	23.50	24.00
26.50	14521	297377	4.88%	26.75	25.00	26.00	21.75	26.50	23.50	24.00
26.55	11817	297377	3.97%	27.00	25.25	26.25	22.00	26.58	23.75	24.25
26.60	11815	297377	3.97%	27.00	25.25	26.25	22.00	26.60	23.75	24.25
26.65	11747	297377	3.95%	27.00	25.25	26.25	22.00	26.67	23.75	24.25
26.70	11746	297377	3.95%	27.00	25.25	26.25	22.00	26.75	23.75	24.25
26.75	11746	297377	3.95%	27.00	25.25	26.25	22.00	26.75	23.75	24.25
26.80	9293	297377	3.12%	27.25	25.50	26.50	22.50	26.83	24.00	24.75
26.85	9288	297377	3.12%	27.25	25.50	26.50	22.50	26.85	24.00	24.75
26.90	9244	297377	3.11%	27.25	25.50	26.50	22.50	26.91	24.00	24.75
26.95	9243	297377	3.11%	27.25	25.50	26.50	22.50	27.00	24.00	24.75
27.00	9243	297377	3.11%	27.25	25.50	26.50	22.50	27.00	24.00	24.75
27.05	7051	297377	2.37%	27.50	25.75	26.75	23.25	27.08	24.25	25.00
27.10	7049	297377	2.37%	27.50	25.75	26.75	23.25	27.10	24.25	25.00
27.15	7026	297377	2.36%	27.50	25.75	26.85	23.25	27.25	24.25	25.00
27.20	7026	297377	2.36%	27.50	25.75	26.85	23.25	27.25	24.25	25.00
27.25	7026	297377	2.36%	27.50	25.75	26.85	23.25	27.25	24.25	25.00
27.30	5192	297377	1.75%	27.75	26.25	27.25	23.60	27.33	24.75	25.25
27.35	5189	297377	1.74%	27.75	26.25	27.25	23.60	27.35	24.75	25.25
27.40	5170	297377	1.74%	27.75	26.25	27.25	23.60	27.50	24.75	25.25
27.45	5170	297377	1.74%	27.75	26.25	27.25	23.60	27.50	24.75	25.25
27.50	5170	297377	1.74%	27.75	26.25	27.25	23.60	27.50	24.75	25.25
27.55	3665	297377	1.23%	28.00	26.50	27.50	24.00	27.60	25.00	25.75
27.60	3665	297377	1.23%	28.00	26.50	27.50	24.00	27.60	25.00	25.75
27.65	3658	297377	1.23%	28.00	26.50	27.50	24.00	27.75	25.00	25.75
27.70	3658	297377	1.23%	28.00	26.50	27.50	24.00	27.75	25.00	25.75
27.75	3658	297377	1.23%	28.00	26.50	27.50	24.00	27.75	25.00	25.75
27.80	2384	297377	0.80%	28.25	26.75	27.75	24.50	27.82	25.35	26.00
27.85	2383	297377	0.80%	28.25	26.75	27.75	24.50	27.85	25.35	26.00
27.90	2380	297377	0.80%	28.25	26.75	27.75	24.50	28.00	25.35	26.00
27.95	2380	297377	0.80%	28.25	26.75	27.75	24.50	28.00	25.35	26.00
28.00	2380	297377	0.80%	28.25	26.75	27.75	24.50	28.00	25.35	26.00
28.05	1441	297377	0.48%	28.50	27.25	28.00	25.00	28.08	25.75	26.50
28.10	1440	297377	0.48%	28.50	27.25	28.00	25.00	28.10	25.75	26.50
28.15	1437	297377	0.48%	28.50	27.25	28.00	25.00	28.25	25.75	26.50
28.20	1437	297377	0.48%	28.50	27.25	28.00	25.00	28.25	25.75	26.50
28.25	1437	297377	0.48%	28.50	27.25	28.00	25.00	28.25	25.75	26.50
28.30	787	297377	0.26%	28.75	27.75	28.50	25.50	28.35	26.25	27.00
28.35	787	297377	0.26%	28.75	27.75	28.50	25.50	28.35	26.25	27.00
28.40	786	297377	0.26%	28.75	27.75	28.50	25.50	28.50	26.25	27.00
28.45	786	297377	0.26%	28.75	27.75	28.50	25.50	28.50	26.25	27.00
28.50	786	297377	0.26%	28.75	27.75	28.50	25.50	28.50	26.25	27.00
28.55	399	297377	0.13%	29.00	28.00	28.75	26.00	28.75	26.50	27.50
28.60	399	297377	0.13%	29.00	28.00	28.75	26.00	28.75	26.50	27.50
28.65	399	297377	0.13%	29.00	28.00	28.75	26.00	28.75	26.50	27.50
28.70	399	297377	0.13%	29.00	28.00	28.75	26.00	28.75	26.50	27.50
28.75	399	297377	0.13%	29.00	28.00	28.75	26.00	28.75	26.50	27.50
28.80	178	297377	0.06%	29.25	28.50	29.00	26.00	29.00	27.00	28.00
28.85	178	297377	0.06%	29.25	28.50	29.00	26.00	29.00	27.00	28.00
28.90	178	297377	0.06%	29.25	28.50	29.00	26.00	29.00	27.00	28.00
28.95	178	297377	0.06%	29.25	28.50	29.00	26.00	29.00	27.00	28.00
29.00	178	297377	0.06%	29.25	28.50	29.00	26.00	29.00	27.00	28.00
29.05	62	297377	0.02%	29.50	28.75	29.25	27.00	29.25	27.25	28.50
29.10	62	297377	0.02%	29.50	28.75	29.25	27.00	29.25	27.25	28.50
29.15	62	297377	0.02%	29.50	28.75	29.25	27.00	29.25	27.25	28.50
29.20	62	297377	0.02%	29.50	28.75	29.25	27.00	29.25	27.25	28.50
29.25	62	297377	0.02%	29.50	28.75	29.25	27.00	29.25	27.25	28.50
29.30	15	297377	0.01%	30.00	29.50	29.75	27.00	29.50	27.75	29.00
29.35	15	297377	0.01%	30.00	29.50	29.75	27.00	29.50	27.75	29.00
29.40	15	297377	0.01%	30.00	29.50	29.75	27.00	29.50	27.75	29.00
29.45	15	297377	0.01%	30.00	29.50	29.75	27.00	29.50	27.75	29.00
29.50	15	297377	0.01%	30.00	29.50	29.75	27.00	29.50	27.75	29.00
29.55	1	297377	0.00%	30.00	29.75	30.00	27.00	29.75	29.00	29.00
29.60	1	297377	0.00%	30.00	29.75	30.00	27.00	29.75	29.00	29.00
29.65	1	297377	0.00%	30.00	29.75	30.00	27.00	29.75	29.00	29.00
29.70	1	297377	0.00%	30.00	29.75	30.00	27.00	29.75	29.00	29.00
29.75	1	297377	0.00%	30.00	29.75	30.00	27.00	29.75	29.00	29.00
29.80	0	297377	0.00%	30.00	29.75	30.00	27.00	29.75	29.00	29.00
29.85	0	297377	0.00%	30.00	29.75	30.00	27.00	29.75	29.00	29.00
29.90	0	297377	0.00%	30.00	29.75	30.00	27.00	29.75	29.00	29.00
29.95	0	297377	0.00%	30.00	29.75	30.00	27.00	29.75	29.00	29.00
30.00	0	297377	0.00%	30.00	29.75	30.00	27.00	29.75	29.00	29.00
