0.00	24478	24478	100.00%	1.70	5.50	4.05	5.55	0.50	3.50	4.20
0.05	24478	24478	100.00%	1.70	5.50	4.05	5.55	0.50	3.50	4.20
0.10	24478	24478	100.00%	1.70	5.50	4.05	5.55	0.50	3.50	4.20
0.15	24478	24478	100.00%	1.70	5.50	4.05	5.55	0.50	3.50	4.20
0.20	24478	24478	100.00%	1.70	5.50	4.05	5.55	0.50	3.50	4.20
0.25	24478	24478	100.00%	1.70	5.50	4.05	5.55	0.50	3.50	4.20
0.30	24478	24478	100.00%	1.70	5.50	4.05	5.55	0.50	3.50	4.20
0.35	24478	24478	100.00%	1.70	5.50	4.05	5.55	0.50	3.50	4.20
0.40	24478	24478	100.00%	1.70	5.50	4.05	5.55	0.50	3.50	4.20
0.45	24478	24478	100.00%	1.70	5.50	4.05	5.55	0.50	3.50	4.20
0.50	24478	24478	100.00%	1.70	5.50	4.05	5.55	0.50	3.50	4.20
0.55	24478	24478	100.00%	1.70	5.50	4.05	5.55	0.50	3.50	4.20
0.60	24478	24478	100.00%	1.70	5.50	4.05	5.55	0.50	3.50	4.20
0.65	24478	24478	100.00%	1.70	5.50	4.05	5.55	0.50	3.50	4.20
0.70	24478	24478	100.00%	1.70	5.50	4.05	5.55	0.50	3.50	4.20
0.75	24478	24478	100.00%	1.70	5.50	4.05	5.55	0.50	3.50	4.20
0.80	24478	24478	100.00%	1.70	5.50	4.05	5.55	0.50	3.50	4.20
0.85	24478	24478	100.00%	1.70	5.50	4.05	5.55	0.50	3.50	4.20
0.90	24478	24478	100.00%	1.70	5.50	4.05	5.55	0.50	3.50	4.20
0.95	24478	24478	100.00%	1.70	5.50	4.05	5.55	0.50	3.50	4.20
1.00	24478	24478	100.00%	1.70	5.50	4.05	5.55	0.50	3.50	4.20
1.05	24478	24478	100.00%	1.70	5.50	4.05	5.55	0.50	3.50	4.20
1.10	24478	24478	100.00%	1.70	5.50	4.05	5.55	0.50	3.50	4.20
1.15	24478	24478	100.00%	1.70	5.50	4.05	5.55	0.50	3.50	4.20
1.20	24478	24478	100.00%	1.70	5.50	4.05	5.55	0.50	3.50	4.20
1.25	24478	24478	100.00%	1.70	5.50	4.05	5.55	0.50	3.50	4.20
1.30	24478	24478	100.00%	1.70	5.50	4.05	5.55	0.50	3.50	4.20
1.35	24478	24478	100.00%	1.70	5.50	4.05	5.55	0.50	3.50	4.20
1.40	24478	24478	100.00%	1.70	5.50	4.05	5.55	0.50	3.50	4.20
1.45	24478	24478	100.00%	1.70	5.50	4.05	5.55	0.50	3.50	4.20
1.50	24478	24478	100.00%	1.70	5.50	4.05	5.55	0.50	3.50	4.20
1.55	24478	24478	100.00%	1.70	5.50	4.05	5.55	0.50	3.50	4.20
1.60	24478	24478	100.00%	1.70	5.50	4.05	5.55	0.50	3.50	4.20
1.65	24478	24478	100.00%	1.70	5.50	4.05	5.55	0.50	3.50	4.20
1.70	24478	24478	100.00%	1.70	5.50	4.05	5.55	0.50	3.50	4.20
1.75	24478	24478	100.00%	1.70	5.50	4.05	5.55	0.50	3.50	4.20
1.80	24478	24478	100.00%	1.70	5.50	4.05	5.55	0.50	3.50	4.20
1.85	24478	24478	100.00%	1.70	5.50	4.05	5.55	0.50	3.50	4.20
1.90	24478	24478	100.00%	1.70	5.50	4.05	5.55	0.50	3.50	4.20
1.95	24478	24478	100.00%	1.70	5.50	4.05	5.55	0.50	3.50	4.20
2.00	24478	24478	100.00%	1.70	5.50	4.05	5.55	0.50	3.50	4.20
2.05	24478	24478	100.00%	1.70	5.50	4.05	5.55	0.50	3.50	4.20
2.10	24478	24478	100.00%	1.70	5.50	4.05	5.55	0.50	3.50	4.20
2.15	24478	24478	100.00%	1.70	5.50	4.05	5.55	0.50	3.50	4.20
2.20	24478	24478	100.00%	1.70	5.50	4.05	5.55	0.50	3.50	4.20
2.25	24478	24478	100.00%	1.70	5.50	4.05	5.55	0.50	3.50	4.20
2.30	24478	24478	100.00%	1.70	5.50	4.05	5.55	0.50	3.50	4.20
2.35	24478	24478	100.00%	1.70	5.50	4.05	5.55	0.50	3.50	4.20
2.40	24478	24478	100.00%	1.70	5.50	4.05	5.55	0.50	3.50	4.20
2.45	24478	24478	100.00%	1.70	5.50	4.05	5.55	0.50	3.50	4.20
2.50	24478	24478	100.00%	1.70	5.50	4.05	5.55	0.50	3.50	4.20
2.55	24478	24478	100.00%	1.70	5.50	4.05	5.55	0.50	3.50	4.20
2.60	24478	24478	100.00%	1.70	5.50	4.05	5.55	0.50	3.50	4.20
2.65	24478	24478	100.00%	1.70	5.50	4.05	5.55	0.50	3.50	4.20
2.70	24478	24478	100.00%	1.70	5.50	4.05	5.55	0.50	3.50	4.20
2.75	24478	24478	100.00%	1.70	5.50	4.05	5.55	0.50	3.50	4.20
2.80	24478	24478	100.00%	1.70	5.50	4.05	5.55	0.50	3.50	4.20
2.85	24478	24478	100.00%	1.70	5.50	4.05	5.55	0.50	3.50	4.20
2.90	24478	24478	100.00%	1.70	5.50	4.05	5.55	0.50	3.50	4.20
2.95	24478	24478	100.00%	1.70	5.50	4.05	5.55	0.50	3.50	4.20
3.00	24478	24478	100.00%	1.70	5.50	4.05	5.55	0.50	3.50	4.20
3.05	24478	24478	100.00%	1.70	5.50	4.05	5.55	0.50	3.50	4.20
3.10	24478	24478	100.00%	1.70	5.50	4.05	5.55	0.50	3.50	4.20
3.15	24478	24478	100.00%	1.70	5.50	4.05	5.55	0.50	3.50	4.20
3.20	24478	24478	100.00%	1.70	5.50	4.05	5.55	0.50	3.50	4.20
3.25	24478	24478	100.00%	1.70	5.50	4.05	5.55	0.50	3.50	4.20
3.30	24478	24478	100.00%	1.70	5.50	4.05	5.55	0.50	3.50	4.20
3.35	24478	24478	100.00%	1.70	5.50	4.05	5.55	0.50	3.50	4.20
3.40	24478	24478	100.00%	1.70	5.50	4.05	5.55	0.50	3.50	4.20
3.45	24478	24478	100.00%	1.70	5.50	4.05	5.55	0.50	3.50	4.20
3.50	24478	24478	100.00%	1.70	5.50	4.05	5.55	0.50	3.50	4.20
3.55	24478	24478	100.00%	1.70	5.50	4.05	5.55	0.50	3.50	4.20
3.60	24478	24478	100.00%	1.70	5.50	4.05	5.55	0.50	3.50	4.20
3.65	24478	24478	100.00%	1.70	5.50	4.05	5.55	0.50	3.50	4.20
3.70	24478	24478	100.00%	1.70	5.50	4.05	5.55	0.50	3.50	4.20
3.75	24478	24478	100.00%	1.70	5.50	4.05	5.55	0.50	3.50	4.20
3.80	24478	24478	100.00%	1.70	5.50	4.05	5.55	0.50	3.50	4.20
3.85	24478	24478	100.00%	1.70	5.50	4.05	5.55	0.50	3.50	4.20
3.90	24478	24478	100.00%	1.70	5.50	4.05	5.55	0.50	3.50	4.20
3.95	24478	24478	100.00%	1.70	5.50	4.05	5.55	0.50	3.50	4.20
4.00	24478	24478	100.00%	1.70	5.50	4.05	5.55	0.50	3.50	4.20
4.05	24478	24478	100.00%	1.70	5.50	4.05	5.55	0.50	3.50	4.20
4.10	24478	24478	100.00%	1.70	5.50	4.05	5.55	0.50	3.50	4.20
4.15	24478	24478	100.00%	1.70	5.50	4.05	5.55	0.50	3.50	4.20
4.20	24478	24478	100.00%	1.70	5.50	4.05	5.55	0.50	3.50	4.20
4.25	24477	24478	100.00%	6.50	6.85	5.70	5.55	5.10	6.70	5.15
4.30	24477	24478	100.00%	6.50	6.85	5.70	5.55	5.10	6.70	5.15
4.35	24477	24478	100.00%	6.50	6.85	5.70	5.55	5.10	6.70	5.15
4.40	24477	24478	100.00%	6.50	6.85	5.70	5.55	5.10	6.70	5.15
4.45	24477	24478	100.00%	6.50	6.85	5.70	5.55	5.10	6.70	5.15
4.50	24477	24478	100.00%	6.50	6.85	5.70	5.55	5.10	6.70	5.15
4.55	24477	24478	100.00%	6.50	6.85	5.70	5.55	5.10	6.70	5.15
4.60	24477	24478	100.00%	6.50	6.85	5.70	5.55	5.10	6.70	5.15
4.65	24477	24478	100.00%	6.50	6.85	5.70	5.55	5.10	6.70	5.15
4.70	24477	24478	100.00%	6.50	6.85	5.70	5.55	5.10	6.70	5.15
4.75	24477	24478	100.00%	6.50	6.85	5.70	5.55	5.10	6.70	5.15
4.80	24477	24478	100.00%	6.50	6.85	5.70	5.55	5.10	6.70	5.15
4.85	24477	24478	100.00%	6.50	6.85	5.70	5.55	5.10	6.70	5.15
4.90	24477	24478	100.00%	6.50	6.85	5.70	5.55	5.10	6.70	5.15
4.95	24477	24478	100.00%	6.50	6.85	5.70	5.55	5.10	6.70	5.15
5.00	24477	24478	100.00%	6.50	6.85	5.70	5.55	5.10	6.70	5.15
5.05	24477	24478	100.00%	6.50	6.85	5.70	5.55	5.10	6.70	5.15
5.10	24477	24478	100.00%	6.50	6.85	5.70	5.55	5.10	6.70	5.15
5.15	24477	24478	100.00%	6.50	6.85	5.70	5.55	5.10	6.70	5.15
5.20	24476	24478	99.99%	6.70	7.20	6.10	5.55	5.75	7.25	5.80
5.25	24476	24478	99.99%	6.70	7.20	6.10	5.55	5.75	7.25	5.80
5.30	24476	24478	99.99%	6.70	7.20	6.10	5.55	5.75	7.25	5.80
5.35	24476	24478	99.99%	6.70	7.20	6.10	5.55	5.75	7.25	5.80
5.40	24476	24478	99.99%	6.70	7.20	6.10	5.55	5.75	7.25	5.80
5.45	24476	24478	99.99%	6.70	7.20	6.10	5.55	5.75	7.25	5.80
5.50	24476	24478	99.99%	6.70	7.20	6.10	5.55	5.75	7.25	5.80
5.55	24476	24478	99.99%	6.70	7.20	6.10	5.55	5.75	7.25	5.80
5.60	24476	24478	99.99%	6.70	7.20	6.10	5.55	5.75	7.25	5.80
5.65	24476	24478	99.99%	6.70	7.20	6.10	5.55	5.75	7.25	5.80
5.70	24476	24478	99.99%	6.70	7.20	6.10	5.55	5.75	7.25	5.80
5.75	24476	24478	99.99%	6.70	7.20	6.10	5.55	5.75	7.25	5.80
5.80	24476	24478	99.99%	6.70	7.20	6.10	5.55	5.75	7.25	5.80
5.85	24475	24478	99.99%	7.00	7.45	6.15	5.80	5.95	7.60	5.95
5.90	24475	24478	99.99%	7.00	7.45	6.15	5.80	5.95	7.60	5.95
5.95	24475	24478	99.99%	7.00	7.45	6.15	5.80	5.95	7.60	5.95
6.00	24474	24478	99.98%	7.15	7.60	6.25	5.80	6.15	7.95	6.30
6.05	24474	24478	99.98%	7.15	7.60	6.25	5.80	6.15	7.95	6.30
6.10	24474	24478	99.98%	7.15	7.60	6.25	5.80	6.15	7.95	6.30
6.15	24474	24478	99.98%	7.15	7.60	6.25	5.80	6.15	7.95	6.30
6.20	24474	24478	99.98%	7.15	7.60	6.25	5.80	6.15	7.95	6.30
6.25	24474	24478	99.98%	7.15	7.60	6.25	5.80	6.15	7.95	6.30
6.30	24474	24478	99.98%	7.15	7.60	6.25	5.80	6.15	7.95	6.30
6.35	24473	24478	99.98%	7.20	7.70	6.35	5.80	6.20	8.10	6.45
6.40	24473	24478	99.98%	7.20	7.70	6.35	5.80	6.20	8.10	6.45
6.45	24473	24478	99.98%	7.20	7.70	6.35	5.80	6.20	8.10	6.45
6.50	24472	24478	99.98%	7.30	7.80	6.45	5.80	6.35	8.25	6.55
6.55	24472	24478	99.98%	7.30	7.80	6.45	5.80	6.35	8.25	6.55
6.60	24471	24478	99.97%	7.35	7.85	6.70	5.80	6.45	8.45	6.70
6.65	24471	24478	99.97%	7.35	7.85	6.70	5.80	6.45	8.45	6.70
6.70	24471	24478	99.97%	7.35	7.85	6.70	5.80	6.45	8.45	6.70
6.75	24470	24478	99.97%	7.45	8.05	6.80	5.80	6.55	8.60	6.80
6.80	24470	24478	99.97%	7.45	8.05	6.80	5.80	6.55	8.60	6.80
6.85	24468	24478	99.96%	7.60	8.20	6.90	6.30	6.75	8.85	6.85
6.90	24467	24478	99.96%	7.65	8.25	6.95	6.30	6.85	8.95	6.90
6.95	24466	24478	99.95%	7.70	8.30	7.05	6.30	6.95	9.00	6.95
7.00	24464	24478	99.94%	7.85	8.35	7.15	6.30	7.05	9.10	7.00
7.05	24463	24478	99.94%	7.95	8.40	7.15	6.60	7.10	9.25	7.05
7.10	24461	24478	99.93%	7.95	8.50	7.20	6.60	7.20	9.35	7.15
7.15	24461	24478	99.93%	7.95	8.50	7.20	6.60	7.20	9.35	7.15
7.20	24460	24478	99.93%	8.00	8.55	7.25	6.60	7.30	9.35	7.35
7.25	24460	24478	99.93%	8.00	8.55	7.25	6.60	7.30	9.35	7.35
7.30	24460	24478	99.93%	8.00	8.55	7.25	6.60	7.30	9.35	7.35
7.35	24460	24478	99.93%	8.00	8.55	7.25	6.60	7.30	9.35	7.35
7.40	24456	24478	99.91%	8.15	8.70	7.40	6.65	7.40	9.55	7.45
7.45	24456	24478	99.91%	8.15	8.70	7.40	6.65	7.40	9.55	7.45
7.50	24452	24478	99.89%	8.25	8.80	7.45	6.65	7.55	9.70	7.50
7.55	24451	24478	99.89%	8.30	8.85	7.45	7.20	7.60	9.70	7.55
7.60	24450	24478	99.89%	8.30	8.85	7.50	7.20	7.60	9.75	7.60
7.65	24447	24478	99.87%	8.35	8.95	7.60	7.20	7.70	9.85	7.70
7.70	24447	24478	99.87%	8.35	8.95	7.60	7.20	7.70	9.85	7.70
7.75	24445	24478	99.87%	8.45	9.00	7.65	7.30	7.75	9.85	7.85
7.80	24445	24478	99.87%	8.45	9.00	7.65	7.30	7.75	9.85	7.85
7.85	24445	24478	99.87%	8.45	9.00	7.65	7.30	7.75	9.85	7.85
7.90	24441	24478	99.85%	8.55	9.10	7.70	7.30	7.85	10.00	7.90
7.95	24440	24478	99.84%	8.55	9.20	7.70	7.35	7.90	10.05	7.95
8.00	24434	24478	99.82%	8.70	9.30	7.85	7.45	8.05	10.12	8.00
8.05	24433	24478	99.82%	8.75	9.35	7.90	7.45	8.10	10.20	8.05
8.10	24429	24478	99.80%	8.80	9.45	7.95	7.45	8.15	10.25	8.10
8.15	24425	24478	99.78%	8.90	9.50	7.95	7.55	8.20	10.35	8.15
8.20	24424	24478	99.78%	8.90	9.50	8.00	7.55	8.25	10.35	8.20
8.25	24421	24478	99.77%	8.95	9.60	8.05	7.70	8.30	10.35	8.25
8.30	24417	24478	99.75%	9.00	9.60	8.10	7.85	8.35	10.50	8.30
8.35	24416	24478	99.75%	9.00	9.60	8.10	7.85	8.35	10.50	8.35
8.40	24410	24478	99.72%	9.10	9.70	8.20	7.85	8.45	10.60	8.40
8.45	24408	24478	99.71%	9.10	9.75	8.20	7.85	8.50	10.60	8.45
8.50	24403	24478	99.69%	9.20	9.80	8.25	7.90	8.55	10.70	8.50
8.55	24398	24478	99.67%	9.20	9.85	8.30	8.00	8.60	10.75	8.55
8.60	24394	24478	99.66%	9.25	9.90	8.30	8.10	8.70	10.75	8.60
8.65	24389	24478	99.64%	9.30	9.95	8.30	8.10	8.70	10.85	8.65
8.70	24388	24478	99.63%	9.30	9.95	8.35	8.20	8.75	10.85	8.70
8.75	24376	24478	99.58%	9.45	10.10	8.45	8.20	8.85	11.00	8.75
8.80	24372	24478	99.57%	9.45	10.10	8.45	8.20	8.95	11.00	8.80
8.85	24367	24478	99.55%	9.55	10.10	8.55	8.20	8.95	11.00	8.85
8.90	24352	24478	99.49%	9.65	10.25	8.60	8.35	9.10	11.20	8.90
8.95	24350	24478	99.48%	9.65	10.25	8.60	8.35	9.10	11.25	8.95
9.00	24341	24478	99.44%	9.70	10.35	8.70	8.50	9.20	11.25	9.00
9.05	24334	24478	99.41%	9.75	10.35	8.70	8.60	9.25	11.35	9.05
9.10	24331	24478	99.40%	9.80	10.35	8.75	8.60	9.30	11.35	9.10
9.15	24314	24478	99.33%	9.90	10.50	8.90	8.70	9.43	11.50	9.15
9.20	24313	24478	99.33%	9.90	10.50	8.90	8.70	9.45	11.50	9.20
9.25	24305	24478	99.29%	9.95	10.60	8.95	8.75	9.45	11.50	9.25
9.30	24295	24478	99.25%	10.00	10.60	9.05	8.80	9.55	11.60	9.30
9.35	24290	24478	99.23%	10.05	10.60	9.05	8.80	9.60	11.60	9.35
9.40	24272	24478	99.16%	10.10	10.75	9.10	8.80	9.70	11.75	9.40
9.45	24271	24478	99.15%	10.15	10.75	9.15	8.80	9.70	11.75	9.45
9.50	24263	24478	99.12%	10.20	10.75	9.15	8.85	9.75	11.75	9.50
9.55	24258	24478	99.10%	10.20	10.85	9.20	8.85	9.80	11.75	9.55
9.60	24248	24478	99.06%	10.25	10.85	9.20	8.90	9.85	11.80	9.60
9.65	24223	24478	98.96%	10.35	10.95	9.35	9.00	9.95	11.95	9.65
9.70	24221	24478	98.95%	10.35	10.95	9.35	9.00	10.00	11.95	9.70
9.75	24208	24478	98.90%	10.45	11.00	9.40	9.00	10.05	12.00	9.75
9.80	24197	24478	98.85%	10.45	11.10	9.45	9.05	10.10	12.00	9.80
9.85	24191	24478	98.83%	10.45	11.10	9.45	9.05	10.10	12.05	9.85
9.90	24172	24478	98.75%	10.55	11.20	9.50	9.10	10.20	12.10	9.90
9.95	24170	24478	98.74%	10.55	11.20	9.55	9.10	10.25	12.10	9.95
10.00	24143	24478	98.63%	10.65	11.25	9.60	9.25	10.35	12.25	10.00
10.05	24126	24478	98.56%	10.70	11.35	9.65	9.25	10.45	12.25	10.05
10.10	24124	24478	98.55%	10.70	11.35	9.70	9.25	10.45	12.25	10.10
10.15	24099	24478	98.45%	10.80	11.35	9.75	9.35	10.55	12.35	10.15
10.20	24097	24478	98.44%	10.80	11.40	9.75	9.35	10.55	12.35	10.20
10.25	24073	24478	98.35%	10.85	11.50	9.80	9.35	10.60	12.50	10.25
10.30	24051	24478	98.26%	10.95	11.50	9.90	9.45	10.70	12.50	10.30
10.35	24038	24478	98.20%	10.95	11.60	9.95	9.45	10.75	12.50	10.35
10.40	23998	24478	98.04%	11.10	11.70	10.05	9.50	10.85	12.60	10.40
10.45	23995	24478	98.03%	11.10	11.70	10.05	9.50	10.85	12.70	10.45
10.50	23960	24478	97.88%	11.20	11.75	10.10	9.60	10.95	12.75	10.50
10.55	23934	24478	97.78%	11.25	11.85	10.20	9.60	11.05	12.75	10.55
10.60	23925	24478	97.74%	11.25	11.85	10.20	9.60	11.10	12.85	10.60
10.65	23883	24478	97.57%	11.35	11.95	10.25	9.70	11.20	12.85	10.65
10.70	23882	24478	97.57%	11.35	11.95	10.25	9.70	11.20	12.85	10.70
10.75	23858	24478	97.47%	11.45	12.00	10.30	9.75	11.25	13.00	10.75
10.80	23829	24478	97.35%	11.45	12.10	10.35	9.85	11.35	13.00	10.80
10.85	23816	24478	97.30%	11.50	12.10	10.40	9.85	11.35	13.00	10.85
10.90	23765	24478	97.09%	11.60	12.20	10.50	9.90	11.50	13.10	10.90
10.95	23762	24478	97.07%	11.60	12.20	10.50	9.95	11.50	13.10	10.95
11.00	23728	24478	96.94%	11.70	12.25	10.55	9.95	11.60	13.25	11.00
11.05	23699	24478	96.82%	11.70	12.35	10.65	9.95	11.60	13.25	11.05
11.10	23685	24478	96.76%	11.75	12.35	10.70	10.00	11.70	13.25	11.10
11.15	23628	24478	96.53%	11.85	12.45	10.75	10.15	11.80	13.35	11.15
11.20	23626	24478	96.52%	11.85	12.45	10.75	10.15	11.80	13.35	11.20
11.25	23588	24478	96.36%	11.95	12.50	10.80	10.20	11.85	13.35	11.25
11.30	23542	24478	96.18%	12.00	12.60	10.90	10.20	11.95	13.50	11.30
11.35	23525	24478	96.11%	12.00	12.60	10.90	10.25	12.00	13.50	11.35
11.40	23453	24478	95.81%	12.10	12.75	11.00	10.35	12.10	13.60	11.40
11.45	23451	24478	95.80%	12.10	12.75	11.00	10.35	12.10	13.60	11.45
11.50	23407	24478	95.62%	12.20	12.75	11.10	10.35	12.20	13.60	11.50
11.55	23363	24478	95.44%	12.25	12.85	11.15	10.45	12.30	13.75	11.55
11.60	23348	24478	95.38%	12.30	12.85	11.20	10.45	12.35	13.75	11.60
11.65	23240	24478	94.94%	12.45	13.00	11.30	10.60	12.50	13.85	11.65
11.70	23239	24478	94.94%	12.45	13.00	11.30	10.60	12.50	13.85	11.70
11.75	23196	24478	94.76%	12.50	13.00	11.35	10.60	12.55	13.85	11.75
11.80	23138	24478	94.53%	12.60	13.10	11.45	10.70	12.60	14.00	11.80
11.85	23123	24478	94.46%	12.60	13.10	11.45	10.70	12.70	14.00	11.85
11.90	23043	24478	94.14%	12.70	13.25	11.55	10.75	12.80	14.00	11.90
11.95	23041	24478	94.13%	12.70	13.25	11.55	10.75	12.80	14.00	11.95
12.00	23004	24478	93.98%	12.75	13.25	11.55	10.80	12.85	14.10	12.00
12.05	22926	24478	93.66%	12.85	13.35	11.65	10.85	12.95	14.20	12.05
12.10	22910	24478	93.59%	12.85	13.35	11.70	10.85	12.95	14.25	12.10
12.15	22802	24478	93.15%	12.95	13.50	11.80	10.95	13.10	14.25	12.15
12.20	22801	24478	93.15%	12.95	13.50	11.80	10.95	13.10	14.25	12.20
12.25	22755	24478	92.96%	13.00	13.50	11.85	10.95	13.20	14.27	12.25
12.30	22689	24478	92.69%	13.10	13.60	11.95	11.00	13.25	14.35	12.30
12.35	22661	24478	92.58%	13.10	13.60	11.95	11.05	13.25	14.35	12.35
12.40	22547	24478	92.11%	13.20	13.75	12.05	11.10	13.40	14.50	12.40
12.45	22545	24478	92.10%	13.20	13.75	12.05	11.10	13.40	14.50	12.45
12.50	22491	24478	91.88%	13.25	13.75	12.10	11.20	13.45	14.50	12.50
12.55	22416	24478	91.58%	13.35	13.85	12.20	11.25	13.55	14.60	12.55
12.60	22404	24478	91.53%	13.35	13.85	12.20	11.25	13.60	14.60	12.60
12.65	22278	24478	91.01%	13.45	13.95	12.30	11.35	13.70	14.75	12.65
12.70	22277	24478	91.01%	13.45	13.95	12.30	11.35	13.70	14.75	12.70
12.75	22210	24478	90.73%	13.55	14.00	12.35	11.45	13.75	14.75	12.75
12.80	22090	24478	90.24%	13.60	14.10	12.45	11.50	13.85	14.75	12.80
12.85	22072	24478	90.17%	13.65	14.10	12.45	11.50	13.95	14.85	12.85
12.90	21927	24478	89.58%	13.80	14.25	12.60	11.60	14.10	15.00	12.95
12.95	21927	24478	89.58%	13.80	14.25	12.60	11.60	14.10	15.00	12.95
13.00	21853	24478	89.28%	13.85	14.25	12.60	11.60	14.10	15.00	13.00
13.05	21731	24478	88.78%	13.95	14.35	12.70	11.70	14.25	15.00	13.05
13.10	21713	24478	88.70%	13.95	14.35	12.70	11.70	14.25	15.00	13.10
13.15	21565	24478	88.10%	14.10	14.50	12.85	11.75	14.35	15.10	13.15
13.20	21563	24478	88.09%	14.10	14.50	12.85	11.75	14.35	15.10	13.20
13.25	21493	24478	87.81%	14.10	14.50	12.90	11.85	14.45	15.25	13.25
13.30	21362	24478	87.27%	14.25	14.60	13.00	11.85	14.60	15.25	13.30
13.35	21337	24478	87.17%	14.25	14.60	13.00	11.85	14.60	15.25	13.35
13.40	21147	24478	86.39%	14.35	14.75	13.15	12.00	14.75	15.35	13.40
13.45	21146	24478	86.39%	14.35	14.75	13.15	12.00	14.75	15.35	13.45
13.50	21065	24478	86.06%	14.45	14.85	13.20	12.00	14.85	15.50	13.50
13.55	20908	24478	85.42%	14.60	14.95	13.35	12.10	14.95	15.50	13.55
13.60	20888	24478	85.33%	14.60	14.95	13.35	12.10	14.95	15.50	13.60
13.65	20699	24478	84.56%	14.70	15.00	13.45	12.20	15.10	15.60	13.70
13.70	20699	24478	84.56%	14.70	15.00	13.45	12.20	15.10	15.60	13.70
13.75	20620	24478	84.24%	14.75	15.10	13.50	12.20	15.10	15.60	13.75
13.80	20448	24478	83.54%	14.85	15.25	13.60	12.30	15.25	15.75	13.80
13.85	20434	24478	83.48%	14.85	15.25	13.60	12.35	15.25	15.75	13.85
13.90	20240	24478	82.69%	15.00	15.25	13.75	12.35	15.45	15.75	13.95
13.95	20240	24478	82.69%	15.00	15.25	13.75	12.35	15.45	15.75	13.95
14.00	20164	24478	82.38%	15.05	15.35	13.80	12.35	15.50	15.85	14.00
14.05	19949	24478	81.50%	15.20	15.50	13.95	12.50	15.60	16.00	14.05
14.10	19933	24478	81.43%	15.20	15.50	13.95	12.50	15.60	16.00	14.10
14.15	19767	24478	80.75%	15.30	15.60	14.05	12.60	15.75	16.00	14.15
14.20	19765	24478	80.75%	15.35	15.60	14.05	12.60	15.75	16.00	14.20
14.25	19679	24478	80.39%	15.35	15.60	14.10	12.60	15.80	16.00	14.25
14.30	19479	24478	79.58%	15.50	15.75	14.20	12.70	15.95	16.10	14.30
14.35	19466	24478	79.52%	15.50	15.75	14.20	12.70	15.95	16.10	14.35
14.40	19276	24478	78.75%	15.60	15.85	14.35	12.75	16.10	16.25	14.45
14.45	19276	24478	78.75%	15.60	15.85	14.35	12.75	16.10	16.25	14.45
14.50	19198	24478	78.43%	15.60	15.85	14.35	12.85	16.10	16.25	14.50
14.55	18942	24478	77.38%	15.75	16.00	14.50	12.95	16.25	16.35	14.55
14.60	18919	24478	77.29%	15.80	16.00	14.55	12.95	16.30	16.35	14.60
14.65	18717	24478	76.46%	15.95	16.10	14.70	13.00	16.45	16.50	14.70
14.70	18717	24478	76.46%	15.95	16.10	14.70	13.00	16.45	16.50	14.70
14.75	18636	24478	76.13%	15.95	16.10	14.70	13.00	16.50	16.50	14.75
14.80	18388	24478	75.12%	16.10	16.25	14.85	13.10	16.60	16.50	14.80
14.85	18377	24478	75.08%	16.10	16.25	14.85	13.10	16.60	16.50	14.85
14.90	18152	24478	74.16%	16.25	16.35	14.95	13.25	16.75	16.70	14.95
14.95	18152	24478	74.16%	16.25	16.35	14.95	13.25	16.75	16.70	14.95
15.00	18076	24478	73.85%	16.25	16.45	15.00	13.25	16.80	16.75	15.00
15.05	17818	24478	72.79%	16.45	16.50	15.20	13.35	16.95	16.75	15.05
15.10	17802	24478	72.73%	16.45	16.50	15.20	13.35	16.95	16.75	15.10
15.15	17565	24478	71.76%	16.55	16.60	15.30	13.45	17.10	16.85	15.20
15.20	17565	24478	71.76%	16.55	16.60	15.30	13.45	17.10	16.85	15.20
15.25	17491	24478	71.46%	16.60	16.75	15.35	13.50	17.10	16.85	15.25
15.30	17198	24478	70.26%	16.75	16.75	15.50	13.60	17.30	17.00	15.30
15.35	17192	24478	70.23%	16.75	16.75	15.50	13.60	17.35	17.00	15.35
15.40	16979	24478	69.36%	16.85	16.85	15.60	13.70	17.45	17.00	15.40
15.45	16978	24478	69.36%	16.85	16.95	15.60	13.70	17.45	17.00	15.45
15.50	16901	24478	69.05%	16.85	17.00	15.60	13.75	17.50	17.10	15.50
15.55	16647	24478	68.01%	17.00	17.00	15.75	13.85	17.60	17.25	15.55
15.60	16642	24478	67.99%	17.00	17.00	15.75	13.85	17.60	17.25	15.60
15.65	16407	24478	67.03%	17.10	17.10	15.85	13.95	17.75	17.25	15.70
15.70	16407	24478	67.03%	17.10	17.10	15.85	13.95	17.75	17.25	15.70
15.75	16347	24478	66.78%	17.20	17.25	15.95	13.95	17.75	17.25	15.75
15.80	16030	24478	65.49%	17.35	17.25	16.10	14.10	17.95	17.35	15.80
15.85	16023	24478	65.46%	17.35	17.25	16.10	14.10	17.95	17.35	15.85
15.90	15776	24478	64.45%	17.50	17.45	16.20	14.10	18.10	17.50	15.95
15.95	15776	24478	64.45%	17.50	17.45	16.20	14.10	18.10	17.50	15.95
16.00	15714	24478	64.20%	17.50	17.50	16.25	14.15	18.10	17.50	16.00
16.05	15386	24478	62.86%	17.70	17.50	16.35	14.30	18.25	17.50	16.05
16.10	15378	24478	62.82%	17.70	17.60	16.35	14.30	18.25	17.60	16.10
16.15	15160	24478	61.93%	17.75	17.70	16.50	14.35	18.35	17.75	16.20
16.20	15160	24478	61.93%	17.75	17.70	16.50	14.35	18.35	17.75	16.20
16.25	15112	24478	61.74%	17.80	17.75	16.50	14.35	18.45	17.75	16.25
16.30	14788	24478	60.41%	18.00	17.75	16.70	14.50	18.60	17.75	16.30
16.35	14783	24478	60.39%	18.00	17.75	16.70	14.50	18.60	17.75	16.35
16.40	14595	24478	59.62%	18.05	17.85	16.80	14.60	18.70	17.75	16.45
16.45	14595	24478	59.62%	18.05	17.85	16.80	14.60	18.70	17.75	16.45
16.50	14542	24478	59.41%	18.10	17.95	16.85	14.60	18.75	17.85	16.50
16.55	14175	24478	57.91%	18.25	18.00	17.00	14.75	18.90	18.00	16.55
16.60	14168	24478	57.88%	18.25	18.00	17.00	14.75	18.95	18.00	16.60
16.65	13978	24478	57.10%	18.35	18.10	17.10	14.75	19.00	18.00	16.70
16.70	13978	24478	57.10%	18.35	18.10	17.10	14.75	19.00	18.00	16.70
16.75	13923	24478	56.88%	18.35	18.20	17.10	14.85	19.00	18.00	16.75
16.80	13534	24478	55.29%	18.60	18.25	17.35	15.00	19.25	18.25	16.80
16.85	13529	24478	55.27%	18.60	18.25	17.35	15.00	19.25	18.25	16.85
16.90	13327	24478	54.44%	18.75	18.35	17.45	15.05	19.35	18.25	16.95
16.95	13327	24478	54.44%	18.75	18.35	17.45	15.05	19.35	18.25	16.95
17.00	13270	24478	54.21%	18.75	18.50	17.50	15.10	19.35	18.25	17.00
17.05	12923	24478	52.79%	18.85	18.50	17.70	15.20	19.50	18.35	17.05
17.10	12917	24478	52.77%	18.95	18.50	17.70	15.20	19.50	18.35	17.10
17.15	12728	24478	52.00%	19.00	18.60	17.75	15.25	19.60	18.50	17.20
17.20	12728	24478	52.00%	19.00	18.60	17.75	15.25	19.60	18.50	17.20
17.25	12695	24478	51.86%	19.00	18.60	17.75	15.25	19.60	18.50	17.25
17.30	12311	24478	50.29%	19.25	18.75	18.00	15.35	19.85	18.50	17.30
17.35	12305	24478	50.27%	19.25	18.75	18.00	15.35	19.85	18.50	17.35
17.40	12084	24478	49.37%	19.35	18.85	18.10	15.50	20.00	18.60	17.45
17.45	12084	24478	49.37%	19.35	18.85	18.10	15.50	20.00	18.60	17.45
17.50	12048	24478	49.22%	19.35	18.95	18.10	15.50	20.00	18.60	17.50
17.55	11668	24478	47.67%	19.50	19.00	18.35	15.60	20.20	18.75	17.55
17.60	11667	24478	47.66%	19.50	19.00	18.35	15.60	20.20	18.75	17.60
17.65	11471	24478	46.86%	19.60	19.10	18.45	15.75	20.25	18.75	17.70
17.70	11471	24478	46.86%	19.60	19.10	18.45	15.75	20.25	18.75	17.70
17.75	11439	24478	46.73%	19.60	19.10	18.50	15.75	20.25	18.75	17.75
17.80	10996	24478	44.92%	19.85	19.25	18.75	15.85	20.50	19.00	17.80
17.85	10992	24478	44.91%	19.85	19.25	18.75	15.85	20.50	19.00	17.85
17.90	10825	24478	44.22%	20.00	19.35	18.75	15.95	20.60	19.00	17.95
17.95	10825	24478	44.22%	20.00	19.35	18.75	15.95	20.60	19.00	17.95
18.00	10800	24478	44.12%	20.00	19.45	18.85	15.95	20.60	19.00	18.00
18.05	10431	24478	42.61%	20.25	19.50	19.00	16.10	20.75	19.10	18.05
18.10	10430	24478	42.61%	20.25	19.50	19.00	16.10	20.75	19.10	18.10
18.15	10265	24478	41.94%	20.25	19.60	19.10	16.10	20.85	19.25	18.20
18.20	10265	24478	41.94%	20.25	19.60	19.10	16.10	20.85	19.25	18.20
18.25	10240	24478	41.83%	20.25	19.60	19.10	16.10	20.85	19.25	18.25
18.30	9823	24478	40.13%	20.50	19.75	19.35	16.25	21.10	19.25	18.35
18.35	9823	24478	40.13%	20.50	19.75	19.35	16.25	21.10	19.25	18.35
18.40	9658	24478	39.46%	20.60	19.85	19.50	16.35	21.25	19.35	18.40
18.45	9657	24478	39.45%	20.60	19.85	19.50	16.35	21.25	19.35	18.45
18.50	9638	24478	39.37%	20.60	19.85	19.50	16.35	21.25	19.35	18.50
18.55	9257	24478	37.82%	20.75	20.00	19.70	16.50	21.35	19.50	18.55
18.60	9256	24478	37.81%	20.75	20.00	19.70	16.50	21.35	19.50	18.60
18.65	9117	24478	37.25%	20.85	20.10	19.75	16.60	21.50	19.50	18.70
18.70	9117	24478	37.25%	20.85	20.10	19.75	16.60	21.50	19.50	18.70
18.75	9096	24478	37.16%	20.85	20.10	19.75	16.60	21.50	19.50	18.75
18.80	8689	24478	35.50%	21.10	20.25	20.00	16.75	21.75	19.75	18.85
18.85	8689	24478	35.50%	21.10	20.25	20.00	16.75	21.75	19.75	18.85
18.90	8549	24478	34.93%	21.25	20.25	20.10	16.75	21.75	19.75	18.95
18.95	8549	24478	34.93%	21.25	20.25	20.10	16.75	21.75	19.75	18.95
19.00	8534	24478	34.86%	21.25	20.35	20.10	16.75	21.75	19.75	19.00
19.05	8160	24478	33.34%	21.50	20.50	20.35	16.95	22.00	19.75	19.10
19.10	8160	24478	33.34%	21.50	20.50	20.35	16.95	22.00	19.75	19.10
19.15	8026	24478	32.79%	21.50	20.50	20.45	17.00	22.00	19.85	19.20
19.20	8026	24478	32.79%	21.50	20.50	20.45	17.00	22.00	19.85	19.20
19.25	8012	24478	32.73%	21.50	20.50	20.45	17.00	22.00	20.00	19.25
19.30	7584	24478	30.98%	21.75	20.75	20.75	17.25	22.25	20.00	19.35
19.35	7584	24478	30.98%	21.75	20.75	20.75	17.25	22.25	20.00	19.35
19.40	7475	24478	30.54%	21.75	20.75	20.75	17.25	22.25	20.00	19.40
19.45	7474	24478	30.53%	21.75	20.75	20.75	17.25	22.25	20.00	19.45
19.50	7465	24478	30.50%	21.75	20.75	20.75	17.25	22.25	20.00	19.50
19.55	7052	24478	28.81%	22.00	21.00	21.00	17.45	22.50	20.25	19.60
19.60	7052	24478	28.81%	22.00	21.00	21.00	17.45	22.50	20.25	19.60
19.65	6962	24478	28.44%	22.10	21.00	21.10	17.50	22.50	20.25	19.70
19.70	6962	24478	28.44%	22.10	21.00	21.10	17.50	22.50	20.25	19.70
19.75	6957	24478	28.42%	22.10	21.00	21.10	17.50	22.50	20.25	19.75
19.80	6559	24478	26.80%	22.35	21.25	21.35	17.70	22.75	20.50	19.80
19.85	6558	24478	26.79%	22.35	21.25	21.35	17.70	22.75	20.50	19.85
19.90	6464	24478	26.41%	22.50	21.25	21.50	17.75	22.77	20.50	19.95
19.95	6464	24478	26.41%	22.50	21.25	21.50	17.75	22.77	20.50	19.95
20.00	6457	24478	26.38%	22.50	21.25	21.50	17.75	22.85	20.50	20.00
20.05	6103	24478	24.93%	22.75	21.50	21.75	17.85	23.00	20.50	20.10
20.10	6103	24478	24.93%	22.75	21.50	21.75	17.85	23.00	20.50	20.10
20.15	6024	24478	24.61%	22.75	21.50	21.75	17.95	23.00	20.60	20.20
20.20	6024	24478	24.61%	22.75	21.50	21.75	17.95	23.00	20.60	20.20
20.25	6021	24478	24.60%	22.75	21.50	21.75	17.95	23.00	20.60	20.25
20.30	5670	24478	23.16%	23.00	21.75	22.00	18.10	23.25	20.75	20.35
20.35	5670	24478	23.16%	23.00	21.75	22.00	18.10	23.25	20.75	20.35
20.40	5600	24478	22.88%	23.00	21.75	22.00	18.10	23.25	20.75	20.45
20.45	5600	24478	22.88%	23.00	21.75	22.00	18.10	23.25	20.75	20.45
20.50	5597	24478	22.87%	23.00	21.75	22.00	18.10	23.25	20.75	20.50
20.55	5223	24478	21.34%	23.25	22.00	22.35	18.35	23.50	21.00	20.60
20.60	5223	24478	21.34%	23.25	22.00	22.35	18.35	23.50	21.00	20.60
20.65	5147	24478	21.03%	23.25	22.00	22.35	18.35	23.50	21.00	20.70
20.70	5147	24478	21.03%	23.25	22.00	22.35	18.35	23.50	21.00	20.70
20.75	5144	24478	21.01%	23.25	22.00	22.45	18.35	23.50	21.00	20.75
20.80	4824	24478	19.71%	23.50	22.25	22.70	18.60	23.75	21.10	20.85
20.85	4824	24478	19.71%	23.50	22.25	22.70	18.60	23.75	21.10	20.85
20.90	4770	24478	19.49%	23.50	22.25	22.75	18.60	23.75	21.25	20.95
20.95	4770	24478	19.49%	23.50	22.25	22.75	18.60	23.75	21.25	20.95
21.00	4764	24478	19.46%	23.50	22.25	22.75	18.60	23.75	21.25	21.00
21.05	4425	24478	18.08%	23.75	22.50	23.00	18.85	24.00	21.25	21.10
21.10	4425	24478	18.08%	23.75	22.50	23.00	18.85	24.00	21.25	21.10
21.15	4372	24478	17.86%	23.75	22.50	23.00	18.85	24.00	21.25	21.20
21.20	4372	24478	17.86%	23.75	22.50	23.00	18.85	24.00	21.25	21.20
21.25	4369	24478	17.85%	23.75	22.50	23.00	18.85	24.00	21.25	21.25
21.30	4019	24478	16.42%	24.00	22.60	23.25	19.10	24.25	21.50	21.35
21.35	4019	24478	16.42%	24.00	22.60	23.25	19.10	24.25	21.50	21.35
21.40	3977	24478	16.25%	24.10	22.75	23.25	19.10	24.25	21.50	21.45
21.45	3977	24478	16.25%	24.10	22.75	23.25	19.10	24.25	21.50	21.45
21.50	3976	24478	16.24%	24.10	22.75	23.25	19.10	24.25	21.50	21.50
21.55	3657	24478	14.94%	24.35	22.75	23.50	19.25	24.50	21.75	21.60
21.60	3657	24478	14.94%	24.35	22.75	23.50	19.25	24.50	21.75	21.60
21.65	3618	24478	14.78%	24.50	22.85	23.50	19.35	24.50	21.75	21.75
21.70	3618	24478	14.78%	24.50	22.85	23.50	19.35	24.50	21.75	21.75
21.75	3618	24478	14.78%	24.50	22.85	23.50	19.35	24.50	21.75	21.75
21.80	3310	24478	13.52%	24.75	23.00	23.75	19.50	24.75	21.85	21.85
21.85	3310	24478	13.52%	24.75	23.00	23.75	19.50	24.75	21.85	21.85
21.90	3286	24478	13.42%	24.75	23.00	23.75	19.60	24.75	21.95	21.95
21.95	3286	24478	13.42%	24.75	23.00	23.75	19.60	24.75	21.95	21.95
22.00	3284	24478	13.42%	24.75	23.00	23.75	19.60	24.75	22.00	22.00
22.05	2969	24478	12.13%	25.00	23.25	24.25	19.75	25.00	22.00	22.10
22.10	2969	24478	12.13%	25.00	23.25	24.25	19.75	25.00	22.00	22.10
22.15	2945	24478	12.03%	25.00	23.25	24.25	19.85	25.00	22.00	22.25
22.20	2945	24478	12.03%	25.00	23.25	24.25	19.85	25.00	22.00	22.25
22.25	2945	24478	12.03%	25.00	23.25	24.25	19.85	25.00	22.00	22.25
22.30	2663	24478	10.88%	25.25	23.50	24.50	20.00	25.25	22.25	22.35
22.35	2663	24478	10.88%	25.25	23.50	24.50	20.00	25.25	22.25	22.35
22.40	2643	24478	10.80%	25.25	23.50	24.50	20.00	25.25	22.25	22.50
22.45	2643	24478	10.80%	25.25	23.50	24.50	20.00	25.25	22.25	22.50
22.50	2643	24478	10.80%	25.25	23.50	24.50	20.00	25.25	22.25	22.50
22.55	2361	24478	9.65%	25.50	23.75	24.75	20.25	25.50	22.50	22.60
22.60	2361	24478	9.65%	25.50	23.75	24.75	20.25	25.50	22.50	22.60
22.65	2341	24478	9.56%	25.50	23.75	24.75	20.25	25.50	22.50	22.75
22.70	2341	24478	9.56%	25.50	23.75	24.75	20.25	25.50	22.50	22.75
22.75	2341	24478	9.56%	25.50	23.75	24.75	20.25	25.50	22.50	22.75
22.80	2110	24478	8.62%	25.75	24.00	25.00	20.50	25.50	22.75	22.85
22.85	2110	24478	8.62%	25.75	24.00	25.00	20.50	25.50	22.75	22.85
22.90	2089	24478	8.53%	25.75	24.00	25.00	20.60	25.50	22.75	22.95
22.95	2089	24478	8.53%	25.75	24.00	25.00	20.60	25.50	22.75	22.95
23.00	2088	24478	8.53%	25.75	24.00	25.00	20.60	25.50	22.75	23.00
23.05	1857	24478	7.59%	26.00	24.25	25.25	20.85	25.75	22.75	23.10
23.10	1857	24478	7.59%	26.00	24.25	25.25	20.85	25.75	22.75	23.10
23.15	1851	24478	7.56%	26.00	24.25	25.25	20.85	25.75	22.75	23.20
23.20	1851	24478	7.56%	26.00	24.25	25.25	20.85	25.75	22.75	23.20
23.25	1850	24478	7.56%	26.00	24.25	25.25	20.85	25.75	22.75	23.25
23.30	1652	24478	6.75%	26.25	24.50	25.50	21.10	26.00	23.00	23.35
23.35	1652	24478	6.75%	26.25	24.50	25.50	21.10	26.00	23.00	23.35
23.40	1640	24478	6.70%	26.25	24.50	25.50	21.10	26.00	23.00	23.50
23.45	1640	24478	6.70%	26.25	24.50	25.50	21.10	26.00	23.00	23.50
23.50	1640	24478	6.70%	26.25	24.50	25.50	21.10	26.00	23.00	23.50
23.55	1447	24478	5.91%	26.25	24.60	25.75	21.35	26.25	23.25	23.60
23.60	1447	24478	5.91%	26.25	24.60	25.75	21.35	26.25	23.25	23.60
23.65	1439	24478	5.88%	26.25	24.75	25.75	21.35	26.25	23.25	23.70
23.70	1439	24478	5.88%	26.25	24.75	25.75	21.35	26.25	23.25	23.70
23.75	1438	24478	5.87%	26.25	24.75	25.75	21.35	26.25	23.25	23.75
23.80	1261	24478	5.15%	26.50	24.75	26.00	21.60	26.25	23.50	23.85
23.85	1261	24478	5.15%	26.50	24.75	26.00	21.60	26.25	23.50	23.85
23.90	1256	24478	5.13%	26.50	24.75	26.00	21.60	26.25	23.50	24.00
23.95	1256	24478	5.13%	26.50	24.75	26.00	21.60	26.25	23.50	24.00
24.00	1256	24478	5.13%	26.50	24.75	26.00	21.60	26.25	23.50	24.00
24.05	1076	24478	4.40%	26.75	25.00	26.25	21.85	26.50	23.50	24.10
24.10	1076	24478	4.40%	26.75	25.00	26.25	21.85	26.50	23.50	24.10
24.15	1071	24478	4.38%	26.75	25.00	26.25	21.85	26.50	23.60	24.25
24.20	1071	24478	4.38%	26.75	25.00	26.25	21.85	26.50	23.60	24.25
24.25	1071	24478	4.38%	26.75	25.00	26.25	21.85	26.50	23.60	24.25
24.30	936	24478	3.82%	27.00	25.25	26.25	22.00	26.75	23.75	24.35
24.35	936	24478	3.82%	27.00	25.25	26.25	22.00	26.75	23.75	24.35
24.40	933	24478	3.81%	27.00	25.25	26.25	22.00	26.75	23.75	24.50
24.45	933	24478	3.81%	27.00	25.25	26.25	22.00	26.75	23.75	24.50
24.50	933	24478	3.81%	27.00	25.25	26.25	22.00	26.75	23.75	24.50
24.55	772	24478	3.15%	27.25	25.50	26.50	22.50	26.75	24.00	24.60
24.60	772	24478	3.15%	27.25	25.50	26.50	22.50	26.75	24.00	24.60
24.65	769	24478	3.14%	27.25	25.50	26.50	22.50	26.75	24.00	24.75
24.70	769	24478	3.14%	27.25	25.50	26.50	22.50	26.75	24.00	24.75
24.75	769	24478	3.14%	27.25	25.50	26.50	22.50	26.75	24.00	24.75
24.80	631	24478	2.58%	27.25	25.75	26.75	23.00	27.00	24.25	24.85
24.85	631	24478	2.58%	27.25	25.75	26.75	23.00	27.00	24.25	24.85
24.90	630	24478	2.57%	27.25	25.75	26.75	23.00	27.00	24.25	25.00
24.95	630	24478	2.57%	27.25	25.75	26.75	23.00	27.00	24.25	25.00
25.00	630	24478	2.57%	27.25	25.75	26.75	23.00	27.00	24.25	25.00
25.05	514	24478	2.10%	27.50	26.00	27.00	23.25	27.25	24.50	25.10
25.10	514	24478	2.10%	27.50	26.00	27.00	23.25	27.25	24.50	25.10
25.15	511	24478	2.09%	27.50	26.00	27.00	23.25	27.25	24.50	25.25
25.20	511	24478	2.09%	27.50	26.00	27.00	23.25	27.25	24.50	25.25
25.25	511	24478	2.09%	27.50	26.00	27.00	23.25	27.25	24.50	25.25
25.30	403	24478	1.65%	27.75	26.25	27.25	23.75	27.50	24.75	25.50
25.35	403	24478	1.65%	27.75	26.25	27.25	23.75	27.50	24.75	25.50
25.40	403	24478	1.65%	27.75	26.25	27.25	23.75	27.50	24.75	25.50
25.45	403	24478	1.65%	27.75	26.25	27.25	23.75	27.50	24.75	25.50
25.50	403	24478	1.65%	27.75	26.25	27.25	23.75	27.50	24.75	25.50
25.55	316	24478	1.29%	28.00	26.50	27.50	24.00	27.50	25.00	25.75
25.60	316	24478	1.29%	28.00	26.50	27.50	24.00	27.50	25.00	25.75
25.65	316	24478	1.29%	28.00	26.50	27.50	24.00	27.50	25.00	25.75
25.70	316	24478	1.29%	28.00	26.50	27.50	24.00	27.50	25.00	25.75
25.75	316	24478	1.29%	28.00	26.50	27.50	24.00	27.50	25.00	25.75
25.80	241	24478	0.98%	28.25	26.75	27.75	24.25	27.75	25.25	26.00
25.85	241	24478	0.98%	28.25	26.75	27.75	24.25	27.75	25.25	26.00
25.90	241	24478	0.98%	28.25	26.75	27.75	24.25	27.75	25.25	26.00
25.95	241	24478	0.98%	28.25	26.75	27.75	24.25	27.75	25.25	26.00
26.00	241	24478	0.98%	28.25	26.75	27.75	24.25	27.75	25.25	26.00
26.05	176	24478	0.72%	28.25	27.00	27.75	24.75	28.00	25.50	26.25
26.10	176	24478	0.72%	28.25	27.00	27.75	24.75	28.00	25.50	26.25
26.15	176	24478	0.72%	28.25	27.00	27.75	24.75	28.00	25.50	26.25
26.20	176	24478	0.72%	28.25	27.00	27.75	24.75	28.00	25.50	26.25
26.25	176	24478	0.72%	28.25	27.00	27.75	24.75	28.00	25.50	26.25
26.30	130	24478	0.53%	28.50	27.25	28.00	25.00	28.00	25.75	26.50
26.35	130	24478	0.53%	28.50	27.25	28.00	25.00	28.00	25.75	26.50
26.40	130	24478	0.53%	28.50	27.25	28.00	25.00	28.00	25.75	26.50
26.45	130	24478	0.53%	28.50	27.25	28.00	25.00	28.00	25.75	26.50
26.50	130	24478	0.53%	28.50	27.25	28.00	25.00	28.00	25.75	26.50
26.55	97	24478	0.40%	28.50	27.25	28.25	25.25	28.25	26.00	26.75
26.60	97	24478	0.40%	28.50	27.25	28.25	25.25	28.25	26.00	26.75
26.65	97	24478	0.40%	28.50	27.25	28.25	25.25	28.25	26.00	26.75
26.70	97	24478	0.40%	28.50	27.25	28.25	25.25	28.25	26.00	26.75
26.75	97	24478	0.40%	28.50	27.25	28.25	25.25	28.25	26.00	26.75
26.80	76	24478	0.31%	28.75	27.50	28.25	25.35	28.25	26.00	27.00
26.85	76	24478	0.31%	28.75	27.50	28.25	25.35	28.25	26.00	27.00
26.90	76	24478	0.31%	28.75	27.50	28.25	25.35	28.25	26.00	27.00
26.95	76	24478	0.31%	28.75	27.50	28.25	25.35	28.25	26.00	27.00
27.00	76	24478	0.31%	28.75	27.50	28.25	25.35	28.25	26.00	27.00
27.05	60	24478	0.25%	28.75	27.75	28.50	25.50	28.50	26.25	27.25
27.10	60	24478	0.25%	28.75	27.75	28.50	25.50	28.50	26.25	27.25
27.15	60	24478	0.25%	28.75	27.75	28.50	25.50	28.50	26.25	27.25
27.20	60	24478	0.25%	28.75	27.75	28.50	25.50	28.50	26.25	27.25
27.25	60	24478	0.25%	28.75	27.75	28.50	25.50	28.50	26.25	27.25
27.30	41	24478	0.17%	29.00	28.00	28.50	25.75	28.50	26.50	27.50
27.35	41	24478	0.17%	29.00	28.00	28.50	25.75	28.50	26.50	27.50
27.40	41	24478	0.17%	29.00	28.00	28.50	25.75	28.50	26.50	27.50
27.45	41	24478	0.17%	29.00	28.00	28.50	25.75	28.50	26.50	27.50
27.50	41	24478	0.17%	29.00	28.00	28.50	25.75	28.50	26.50	27.50
27.55	19	24478	0.08%	29.25	28.25	28.75	26.00	28.75	26.75	27.75
27.60	19	24478	0.08%	29.25	28.25	28.75	26.00	28.75	26.75	27.75
27.65	19	24478	0.08%	29.25	28.25	28.75	26.00	28.75	26.75	27.75
27.70	19	24478	0.08%	29.25	28.25	28.75	26.00	28.75	26.75	27.75
27.75	19	24478	0.08%	29.25	28.25	28.75	26.00	28.75	26.75	27.75
27.80	17	24478	0.07%	29.25	28.25	29.00	26.00	28.75	26.75	28.00
27.85	17	24478	0.07%	29.25	28.25	29.00	26.00	28.75	26.75	28.00
27.90	17	24478	0.07%	29.25	28.25	29.00	26.00	28.75	26.75	28.00
27.95	17	24478	0.07%	29.25	28.25	29.00	26.00	28.75	26.75	28.00
28.00	17	24478	0.07%	29.25	28.25	29.00	26.00	28.75	26.75	28.00
28.05	9	24478	0.04%	29.50	28.50	29.00	26.25	29.00	27.25	28.25
28.10	9	24478	0.04%	29.50	28.50	29.00	26.25	29.00	27.25	28.25
28.15	9	24478	0.04%	29.50	28.50	29.00	26.25	29.00	27.25	28.25
28.20	9	24478	0.04%	29.50	28.50	29.00	26.25	29.00	27.25	28.25
28.25	9	24478	0.04%	29.50	28.50	29.00	26.25	29.00	27.25	28.25
28.30	5	24478	0.02%	29.50	29.00	29.25	27.00	29.25	27.25	28.50
28.35	5	24478	0.02%	29.50	29.00	29.25	27.00	29.25	27.25	28.50
28.40	5	24478	0.02%	29.50	29.00	29.25	27.00	29.25	27.25	28.50
28.45	5	24478	0.02%	29.50	29.00	29.25	27.00	29.25	27.25	28.50
28.50	5	24478	0.02%	29.50	29.00	29.25	27.00	29.25	27.25	28.50
28.55	2	24478	0.01%	29.75	29.25	29.50	27.00	29.25	27.50	29.00
28.60	2	24478	0.01%	29.75	29.25	29.50	27.00	29.25	27.50	29.00
28.65	2	24478	0.01%	29.75	29.25	29.50	27.00	29.25	27.50	29.00
28.70	2	24478	0.01%	29.75	29.25	29.50	27.00	29.25	27.50	29.00
28.75	2	24478	0.01%	29.75	29.25	29.50	27.00	29.25	27.50	29.00
28.80	2	24478	0.01%	29.75	29.25	29.50	27.00	29.25	27.50	29.00
28.85	2	24478	0.01%	29.75	29.25	29.50	27.00	29.25	27.50	29.00
28.90	2	24478	0.01%	29.75	29.25	29.50	27.00	29.25	27.50	29.00
28.95	2	24478	0.01%	29.75	29.25	29.50	27.00	29.25	27.50	29.00
29.00	2	24478	0.01%	29.75	29.25	29.50	27.00	29.25	27.50	29.00
29.05	0	24478	0.00%	30.00	29.75	30.00	27.00	29.75	29.00	29.00
29.10	0	24478	0.00%	30.00	29.75	30.00	27.00	29.75	29.00	29.00
29.15	0	24478	0.00%	30.00	29.75	30.00	27.00	29.75	29.00	29.00
29.20	0	24478	0.00%	30.00	29.75	30.00	27.00	29.75	29.00	29.00
29.25	0	24478	0.00%	30.00	29.75	30.00	27.00	29.75	29.00	29.00
29.30	0	24478	0.00%	30.00	29.75	30.00	27.00	29.75	29.00	29.00
29.35	0	24478	0.00%	30.00	29.75	30.00	27.00	29.75	29.00	29.00
29.40	0	24478	0.00%	30.00	29.75	30.00	27.00	29.75	29.00	29.00
29.45	0	24478	0.00%	30.00	29.75	30.00	27.00	29.75	29.00	29.00
29.50	0	24478	0.00%	30.00	29.75	30.00	27.00	29.75	29.00	29.00
29.55	0	24478	0.00%	30.00	29.75	30.00	27.00	29.75	29.00	29.00
29.60	0	24478	0.00%	30.00	29.75	30.00	27.00	29.75	29.00	29.00
29.65	0	24478	0.00%	30.00	29.75	30.00	27.00	29.75	29.00	29.00
29.70	0	24478	0.00%	30.00	29.75	30.00	27.00	29.75	29.00	29.00
29.75	0	24478	0.00%	30.00	29.75	30.00	27.00	29.75	29.00	29.00
29.80	0	24478	0.00%	30.00	29.75	30.00	27.00	29.75	29.00	29.00
29.85	0	24478	0.00%	30.00	29.75	30.00	27.00	29.75	29.00	29.00
29.90	0	24478	0.00%	30.00	29.75	30.00	27.00	29.75	29.00	29.00
29.95	0	24478	0.00%	30.00	29.75	30.00	27.00	29.75	29.00	29.00
30.00	0	24478	0.00%	30.00	29.75	30.00	27.00	29.75	29.00	29.00
